6 1869.· IV. t. cz. A biv-di hatanmrdl.

31013313101, 111313 3 11131111)111311 32 3133 101313 3 131131316311 133) 3 110111311-
3331131 1313 13101131 31013313113 3 1311313161 31313 1611311) 31131 1161313113 1·311;

d) 113111 131131 131131 133) 1311113 ;(1)

e) 113111 101)1311131 13133133331 133) 1ρ31ῡ113131 133) 11311111 01) 103131101331,
11131) 3 111131 11113131 111333113113333131 63313 113111 131, 133) 11131) 31131 1111313103
161313333331 1313331133311311 331011311131ς

s) 113111 131131 131311131) [1011111131 101)3113111311 33111 10133303033, 33111 11311333,
33111 313113311633.(2)(3)

9. 5. Α 11113 113111 1033111131 31 111333110301131 33111 11)·113ρ31111, 33111 11311111
1131311 3313131136 3110111311)1 133) 3313113111131331, 3 113 11)·31113 111131 1111313113
=6pte ί31611(1ζ)311 jogot: 13110111 31161 1111313131131 311031313331 133331616133
3111011 3111 ³

10. 5. Α 11113, ha 1113313133113111,13333131131113)311 31611311)113133331 133)·
11613331 113Ι[1(1·13316-1331111313111131, 113 31011131 313361131331 133) 11161331331 113111
10 3111131 3 3)

1g1. 5. Α 11113 113111 131131 13333 13133131) [1011111131 133) 1111111133-33)13111311,1113-
16133 3)ῖί1311313111311; 113111 131131 13311 31011 3)1113331113ι1; 113111 101) hat 113 33111
11611311,3 33111 161131133111 3101 1111116113331113,3 113111 3311111131 31 11) 33)·131 133)
3)·1113113131 113131013131101 133) 11311311)31131. (3) (4)

12. 5. A bir6 113111 131131 131311131) - 31 3113111 31131 33331)31311 133)·111110-
311011- 13113131 3113311111311)311311 131331103033, 33111 11133 13311311)33, 13133-
1311311111 133) ἰρ3η3133131 31116113,1331331333,133) ily 1313313101 13313313-
131133331131, 133) 131113)316-,11133313-, 313111011313 1111011111311)31131 13333, 33111
11311111116,1131131 3331 11131313033311 33 1113133 11311111 1113116116 1161331163) (4)

13. 5. (ἱ)311133301 133) 303300133301,11131)1)31 133)01111313Ι33,31311131133
133) 1131333301 313111 13ρ1133131 1311 33)1131611·3, 3331 31011 333111311 113311131
3 11113,113 3 3)3111333 133) 3011111101333 61 3 1611·311)1131 133) 1331331131311131
10313 111311. (3)

14. 5. A 11113, 11113131131333 111311 1331336111) 3 113 31311 (3) 3 1111111130333113
11113131311311 31103131333 31611, 1613133 3 111131 3311111 131311111, 31011 1611·311)·31311
131333 1113331133, 1113Ι)1131 11113131131311, 133)· 1331)·1131 13111131311311 31311-
1131 3 1311. 5)

ἔ 11113131113 13ρ33 3 3 111131 1113133 13111313 31 33161313131161 31311111131111.(6)
Α1 3311113131311 3 11101111011 1131311116 31311 3111111133113 11113 113) 1311313111,1111111113
11331313331 31 113111 10331113 101113, 3 helye uJ 11’31 113161131111(3) (5)

15. 5. Α 1611311)33311 113313131111113,31611Η311)11311 11133113131010113331311311
33 111311011 1111111 1111313131131 31 113111 11101111111313. (7) (ὃ) (9)

16. 5. Α 111131 31611··311)11311 1113311313101011 3331311311 1111111 03311 33331 311313-
13131 131131 31311131)3161 11133 61133331101 133) 11133 1111313163 31133111 133)
31613ρ131111.(9) (¹⁰)

(HEt-mnu! 1113133 1133331113331611. 6 1891; XXII. 131. 111. 5.

12) Ε 5.113131)311311 a 11116 3316113131110101113 1113133311333161 3. 6 1891: XXII. 1. cz. 39. 5.

13185.113131)31111131·33 1113 1111.1’13)3·1 33133 mm: 1871; XXXIII. 1. cz 16. 5.; a [1311111311 161133133-
usi 11116333 3111611313 33111161 133331111188361

x(x5x)x1{1§t lemiqbftffiroh 6.1891;Χ1Ή.1.1·1.58. 5. V. ὃ.1891.1111·.ι”13)1..31311 Ξ3-26. 55
(mv. 6. 189311. 1. cz. 13 5
(7) E 5 113131)31 a [13111ϋηί 1161133133ῑὲ3 1 11116. 333 6In6k6r6 3311116113333113 kiter-jos ni: 1883: XLIII.

ι(08216615ξ..113131)31 a kir. stays& 1333 133331131311113133 16:1871: XXXIII. 1. cz. 6. 5.
(9¹ Ε 5-13 31311311311111 131131· s 3111611313 11131333111ῑ1895ῑ XXXVII. 1. 1196. 5.
(10) Az 311131ἰ3111311311333 3161 1111 31311 3113ρ11 11133 a 1313111611)11 hensa-k sz6rk6 zui-sive ki1163⁹626n birsk

13113131311311· 886· XXIX. 1. cz. 78. 5. —X. 61871:1x.1.cz.⁴§

 

II.I 1.(·1.·ὀ. 5.; 3 31311311311111 1311313 1111011113 1⁸5 3:51

