378 1871 .· XXX V. t. cz. Keresk. 3231261133 Οῆἱηάυαῑ.

birodalom 33 3233 1113833 3313231116261113333116 323123333311 32311311313-
23311611 313 33111111, 11081 32011113 3 0111331 110113331 1133131110211313311. 113
32031133 3111331 3133131611 keveredtek ily peres 1181113, 3 3111331 3316338011
minden 33311133 jelen 3231261133 XXXVIII. 33 ΧΧΧῦζ. 321111131132 11311331 13321,
1083311 13331 32 31131331133.

XLI. CZIKK.

A 3111331 11316338011 32 03211311-11138131· 31311131611 3231331131 33 1313130331
mindenkor teljes vedelemben 1081311 13323311331, 1111311 113 32011 133833113133-
3311 vagy rajtok 1131131 31632311 11ὂ1311313311 31.

11311133 1381 3311120133 3331311133 3 helybeli 11316338011 1131111138 1083311 13132--
kedni az 11331, hogy 32 3113111011 1313111031 1133233231322311, 3 1333311333383311
83101 133333311, 33 3 11ῠ3ὃ331131, kik tiit-veny 3231131 111381331113311311, 113213-
1131113311. Η3 32031133 3 1111ηὸ361131 3 1131111311 11316338 113213 3331 113111113133,
3 3111331 110113331161 32 31131311 113163380113311 3 3111331 1311331311 3231131
13311113 31381331111313333 1111111 3133 3138131311 nem 111133113131.

XLII. CZIKK.

Ha chinai 313111316, ki 311633 1313111311 03211311-11138)’31 3131113163311, 3116333-
83111338 3331 1123133, 1381 3331331 323333111131 31131023311, 3 311133111313338·
minden rendelkezesere 3116 33211321 131 108 1133233131 11081 3 32ὃ113133γι
3110813, 33 32 311631 1311023333311 1338623133313 1133132311133.

Η330316113ρ33 3 03. 33 1111. 11316338011 13 1311023311 [31311331 3111613131, 1108)1
32 03211311-3138131· 3131113161131 3111331 31311131611 1133131133 1331316 3116333-
83111 3113811ἷι3133313 113313231113311, 33 113 0331331 323333111131 13102333311, 131·-
133 ' 3 3 3 113311.

81113 ὁ 03332311 33 apostoli kirailyi Ρ313383 1101133313, 3331 3 0111331 1101·-
ngdny 32031133 3331311 333113 33111 1311313311 131316333831 313111316111 31133-
3 831311.

, xun. 3211111

Α2 03211311-1338131 310331311131 33 31311131611 13113333 33 3813311533 11131111
1313113203 323113113131311, 32311311338011 33 kedvezmenyek, melyeket ὁ 11313383,
3 3111331 0333231 3133 33111231 11013133)·33311 1381 31311131613311 3131 13 nyuj-
1011, 31381 jiivenddben nyujtani 108.

Α 1311131133 1381 3 1331011, 1033311, 111113163332311, 11311131, 11111131 33 3111131-
1·ὄί 32616 11313102310111133 3321132311 minden 13110213133, 1113 31113 3 133832011-
1330113113, 31131330333 1311331 3110831133311 11133 3203331 33 minden 101311111
3231261133 33111111 3313111131 1083311 birni 32 03211311-1338131 monarchia 113133·
1131161 33 113133113ἀὸ 1131633113 33213 13.

Η330316113ρ33 3111331 3133131611 32 03211311-1338131· 111101131οη1 1311113133 13.
31381131113211133132311331) 3331231 3131113161131 3813316 11333311161111331083311
1332331331.

XLIV. CZIKK.
Μ383113ρο1133 tiit-tent abban, 1108)ν 3 magas 3231261ἰό 131311 mindegyike 112.

31 31313113 11133 1131313111311 3 jelen 3231231133 131113133311 33 3 kereskede--·
1311113 1033111026 0211111313311 3111238311313331. Η3 32031133 1131 1163311 3131132311

