1871 .· XLIX. t. ez. Keresk. 63 hajdzc'zse‘ 53313. α perui kc'iztcirsasc‘tqqal. 461

1113301113113153611135313 ily sz6kev6n3'ek 3331333111353 1138311311311333311 se—
81153831 nyujtani, 6s 5313311 311311313538333 5313 53311311 ily szbkeveinyeket
v6delmezni vagy 1131083131.

Hy sz6k636n3⁷ek 3331333111353 361111 3 5331311116 13133 381133 3113311313131γ
3135 3113111333 nyujtott ked3ezm6ny vagy 3113311135 3 133513 533136ἀό 131333
15 0533 ug3 megadottnak 1331313113, 31131113 33 1113ιὸ 3311113331331 vagy· k6ny-
311135 jelen 53313611351133 1131310301133 kik6tv6 13333.

XIX. Clex’K.

A szerz666 13133 38111335 1111103311133 35 1313131313 313813130311311 [10183131
53331311313, 108313 35 tulajdonuk tekintete'ben 3 1111133133 35 1131353803
011311331 3113311633 31113333313.

Η3503Ιό33ρ 131135 11311355331131153801 108333 31133111 3 5331361ἰό 13133 pol-
83131 38111135 1111103311133 35 13111131313 3 3313111, hogy 131135131333331113 131311
113110183113133333, 13113113 hogy az 111316 0153381133 33 15133115313131 3131113305
813301135313 103313036111113313331 35 5303350331 53331 31611, 1311133. Α303,
313 3 133513 131 13111131313 31331333,131103011131131331- 35115313131131 108333
3303 1313316333 311333111131831 13311 1111131133331113 1353313 31 1311 13111113,
1381 3 melyet 33 1113131135 11313538 J'636hag36sz'wal 313833 5333131133 31 35
1331133133 113, ily 13111316 11113131 [131118 1335 3133111135 35 111311313135 helyeken,
melyeknek minden 53331538131331135161 131113 3311 13331.

XX. Czffik.

1386 1317311333, 3331 11381331131311138, 3331 3813113131 3113331353, ugy min—
1133331311 35 331333111 1383 131311103333 3131135, 31333330335, 05313, 113335538,
ν38133113131138γ1131111111· 3135 3161103 31131133353 1331313131133 3 sun-2666
13133 311311381133333 1111183131 3 313513 1111103311133 351313131313 3 3313331-
1131133311131 38133Ιό 3113115380331 31331355383331 35 1080331 108333 3113331,
35 53131111 35311133 1335 vag3 magasabh 1311133331 3ag3 311333503331 3331 108-
33311131131111 131313 11131133 3 33133311131133 31131 1331131333 3agy j6v6ben
1133113131 108333 13113113, hog3 3 331133311 111110303 35 131111313111133 hatfil3ban
lev6 t6rv6nyeknek 35 13311313133333 13383331 mindannyiszor aliwetik.

Mindegyik magas szer26d6 131 00183131333 3 133513 13111131313 33 1113ῑὸ
11018311 t6rv6nyek 5331131)’311103 3311351 13831133 10533803 53313353 35 1111353
meg 163⁷6n engedve‚ ugyancsak 3333 1611133133 113131033131333 1353333 313-
vetve 1313113111133, 131 33 13831133 13533803 31111113335313 35 3331· 11381331131311-
138 13811 113813311313133 3111111 111113135313 1033130313.

XXI. CZIKK.

111131138113 5331361111 131 [10183131 3 313513 131111313111 31311133 1353333 31111-
den szen16lyes 530183131131 ugy 3 1131153138- 35 113111 133831353311133, 31131 3
ο3311133161538- 11381 33033113335313138γ 31331133 3131311333 31131133 333)-
53313ὂ10533, 33315331530183113135 vag3 1131131331311 3310331 530183131131, 35
5331131 353111, 3331 108333 11311111 5313 31311. 3135 3ag3 magasabb 1331135 31163-
333, 53018311313503333 vagy egy6b 1311133333 31313113131, 31131 3 melyek
most vagy j6v6ben 3 3313331113113331 3113.

