1871 .· LIII. t. cz. Urbdri viszonyok 13111132353161. 481

Tovaibbzi iigyelni keu 3113, hogy 3 volt jobbz'ngyok 52331313 oly 3113653811
31361352 335111355311 ki, nuely 3 131235 vendes gyakorolhauisz'ara 311131313105.

Α 13133 16113311 22-ik g-aiban 311111311 11625383111133 32 316611131313111· 1131)-
231311 13111311 31311 5231133116 ki, nuely 1133231311 13111311 31311113531131 3 5203152311-
1162538311 131111 3110313313111311 313113 5201831 251301111311311111.(1)

29. §- A hol 3 1011 101111381011 3 volt ffildesur 3133131133 3111311 3213133 3
vendes 1312351 11352031313131133 161111 1313135133351, 52333831351 vagy 1335
1111313135 11352031313131131 15 8)·31101011311ε 11111311 3113135 111133 3521162133116
1133511 31311133 113131023336 11138 3203 31116131 13333115383, 3 3131)* 161613 32
1848. 3118 31132311 1135203131313113311 133813131, 3131)Γ 32031133 381 38352 131311
11133 16 11011131 1338 33111 1131331131.

Oly 16253831333 1131118, 3 1101 3 volt 1611135111· 531111313311111 3135 111110111131
3331 11111 5 3133131133 3 1135203131311 3 volt. jobbz'zgyok 111231613805311 gyako-
1011311, 1131131· 3 volt 3133135311 32 31116 111231613805 335233131313 113213 3
52311311311311 813110113103 1111111 38131) 1083131101 3331 15 1131135311 1311311131-31, 32
311131 1113131331 3 27-111 ξ-1133 111131611 1131,νί 116111131311131111311 1311111131113 1313-
13131 11111311 3113135 111133 22 11011118 31113111316 131.(“ὶ)

30. §- Η3 3 volt 111113135311 3 volt 161335313311 1313331)ν 111383311313111311
3133131133 81131101011311 31312351, 11131133311111 3203 31361161 3351133116 ki.

3¹15. A 1101 32 31(16111313133)’311 11133511353 11138161133111,131135111116311538
33111111 3 13111352311 52331313 381 38352 131111, 3 13311611 523111313 131131111 31116-
1113111133)Υ 11351133116 111, 3 3133311333 1381 813101131331, vagy 38)·35538331,
vagy 3113813 1111156 birtokuknak egy, 5 111316138 131131111 3110313311 1338331336
13113331313331 10813 33810111) 11131111311113 33111 1080511ν311.(3)

32. ἓ. Α2 3233 331310231011 1011133 3 volt 111113135311 52313313 1113351133116
31116131 mint 323113311 116265 3111313 1132313336, 5 3 83211311101135 32 ily erd6kre
113213 13333116, 13811 32111311 11130353133116 5233311011 5231131 3 11621832831351
3316538011 [3138131313 31311. 8131101133116.

Α 13111352311 35 151101313113611 52313313 1113351133116 31116111313131111311 15, 3
1333311333 32 11331 3 volt ffildesurral 1335 3813213331 33111 1611 13113, 31131118
3 11625381 31116131 1081313311611 65523, 5 3233 35311133 32 11131,1333)’11311 meg-
131316 1331333)’153831 3 1162538 1111102111 11520183113131.(3) (⁴)

33. §- Addig‚ mig 32 ordei 113520313131311 13133 16111331 52311111 1331132131,-
3311; 32 31111181 161133135 1131310231011 ugy 3233 113520313131311 13111313131133,
31131 32 32311311 1316 11520352018313101113 113213, 3131311333 1333111313113311.(3)

vl. FEJEZET.
Nadleisi hoeezonvdtelek.(⁵)

34.§. 011, 3 1101 3 volt 3133135311 32 1836. V 1. 1.-32. 5-ik §41 3113131311311
33111351 1135203131311 gyakorolnak 5 3 113520313131 3111118 53 3813213335, 53
bimi 3113135 111133 11331 133113213ἲ311, 333311 52311111)’02353 01111133 3521312133ᾱό,

(1111. ὃ. 39. ξ.

(2) V. 6. 28„ 72. ἐξ.

(31121173. ξ.

(4) V. ὃ. 18831111. 30. 1941& 52. 161113ιί1. min. rond. 3 volt 111113135311 35 2531131311 3111313311 rel 3313
0531331353 35 116265 1132313511 1318131133 (18⁸2. R. T. 942).

Ιὲῗιζ ξὲὸἕδὸὃίιόἒῖί. 332. 5. §.; 1836:vu. 1. cz. 8. §.; 1853. 1113132. 2. urb. ny. par. 4., 5., 16. ἓξ. Msd
a .‚-.‚···.‚7.§§.

Magyar Τὸῐνόηγῑάτ. lew—1871. 31

