1870 .· XLII. t. cz. A ko'ztdrve'nyhatdsciqok rendezc²s62·6l.

c) 113333131011001101001 3 030133 vagy 101-
003 11331113016 01100, 3 3313 1113333131 1311301313
[0161330331001101131313161; 33 1111311301 03 1101-
331010310113300030 03311 3 beltigyminister 16-
130331333131 [6330331006 [01;(1)

(1) 3 [0116330331οΗ 113311130161101 33 31131130,

111016103 11013310103101 1111010101·οΙ 160131000300·

1033011031 0011011031ῑί ;

e) 1011011011 [0110110331031 1033 3 00110301030,
03 33 31131130 1331 11013310103101 101301οΙ1 1101-
0130110011010101 1031011311113160311 0010 101,
(58. S. d) 11001); 1001)· [0001-1033103003 33
31131130,111016103 1101331010·101 011131003313 13
0331013006ς

Γ) 3130010113 3 1133101116 3301101100 3 58. ἓ.
01101010000 03 3 43. 3251) 1100113 030101000 3
1111016103 10331;

9) 01001031 3 66. ξ. 31311 100300103011 11331-
1130161101, 3 3 1001310036 3360303003 0011031 3
1133101010011 11331113016001; 01001031 1013003
1311003100000, 3300011000, 1111011000οη, 001610-
100000 33 31131130 10030311331333 0130 3 030011-
0131031, 3 1310331οι 3 3111113030 3 303011 03 00-
3016 633303 3300101130101ς

h) gyakorolja 1010113300 1030031 03 101103111
0110113300 061010330301101,10011011013 10100 161·-
10ογ 3 [613113013 10033. (2)

54. §- 113 3 t6rv6nJhat6s6g 3 16. ξ. 1331·
33 31.131130,111016103 11013310103101 33 58. ᾗ, e)
1100113 31311 0103333οο11 t6rv6nyes 0610103303οῑ
100333031 1331 1100103110 00111 101103111; 3 101-
0131011010 [0103131103303113 3 [61311301 ([61111311-
01161310), 0031· 3 16110010316333 0110113300
113311130161101 03 116303011οΙ, 011110 3 vegs-e 0010
0311011100110101103100311333031 33603030 van,
k6zvetlenf11 rendelkezhess6k.

Ez 0301000 31133111301611 03 11630300 3 [6ο
1311300311 ([6111131101160311 310.) 3 1031003113313
1003111036 1001101οι00 3300031 03 [0110110061
1011031100111610103011, 3 0 0113113161νό0111316333
31131 [01010110 0001 100310310311.(3) (4)

55. ξ. Α3 54. g. 03011110003[6131130([61111·311-
0116 310.) 3 0001 00306011003110116 113311130161
03 11630301 113311 11010301 313 [033103113, 011313-
13161 [01[63303310011, 1331 00003111103113, 3
11011000 01331 001101103111101.

Az 0011001 00110110311011 113311130160 03 11630-
300 3 1161010036 311313003 1133101113313 0103103-
131111311 3110103331οο0 3 10300 03 061010301130300
100101010000 3 1611111 11331113016111101 10110300
ρεγρῃΙὸΚᾸΕ) (5) (6)

56. ξ. Α 00110301100110101 103100311333131 3
[6131130 1111010103 03131103 103011 10301 01.

 

 

 

 

217

Α 16110010316333, 113 3010110030011 131113 3
001013ἑ11 0113133111, 3 000113016033031 00103001
011031 31.

57. g. A v6rnnegy,e 33011,1111011,110101011103
110011 113311130161ε 33 31131130, chyz6‚ 113311
1131033, 3113330111 010611 03 610611, 0003131000,
[601103, [610010611, 10101131000, [6333101016
06331301, 3113101103.

Κ6111331113016οτ 3 3301330116, 3 1001103011
1303030 1310300 1101331100310101 3 3 00111 11-
szonyokhoz 11011031 3 131331 01103, 131331 11101·-
060, 131331 33310νο16, 131331 06331310.

Α 1163110011 11331113016 3 16110010316333
3300001100, 3 1101 11331113016 3 13133030 (333-
0333030) 0610103 131101.

58. ξ. Α3 31131130 3 1131010310, 3300, 111100
03 00111101 0136 113311130161ος 10101 1110οε

α)103011316110010316333 0010000 3 1163-
1333331331,101031101110 10101100 631000, 1001)· 3
0633111103 1331 03103 0630300 0313306100οι
01331113 01003;

ὁ) 103101131113 3 1163316103 031310331311;

c) 3110331 3 16110010316333 063603030003
101030110011030110011010101101, 1010101101, 10100-
10301101, [01131001113010031ς

d) 10310031113 n kormziny 10000101011.

113 3300030 13131001)1 100110101οῑ 1611100100
6111636000, 1133)· 3 00111 1133001οο 1163611 113-
1030311, 1331 01100 1111100101100000 101; 10100-
1031 1033 24 613 31311 3 1613030030, (53. ἓ. 0)
11001) 3 1310110100οη [0111 33 111016 minister-hez.

113 3 minister 3 [011131 011000000 10130013
13 [001311303 100110101οῑ, 03 33 31131130 3 1111013-
1011 101131 0130 30 010300 1033313 1001101οῑ
10310031133313 061010301100οε 3 [6131130030
3300031 101001031 1033, 3 30030 10000101010, 1331
03 13101 van, 300311 0010000 3 10011οἰ1611 1163-
3161031 103[011000 10 031113 3300031 6333001113,
3 3 1000010101 3 1163316103 010 101103311, 100111
331 163160 [0110001 03 1313113101 0610103 ς

e) 10310031113 3 1101-01301 3300 10060101011,
10011011 3 -16, S. 3301101 3300031 03 [0110110061
1031003113011611, 3 01131333161 3 10310031133
0130 3 1030630100οὶ 0633161030οΚ 101001031
1033;

s) 3131113 3 16110010316333 0010000 0131111011
00103010031, 1010101101 03 [0110110331030001;

9) 6111611111, hogy 3 1101-103111100110101 01100
ἱιίῑὲἕιωῑῂ [011131 ‘3 11311 31311 [0110110331033011

h) 610 3 16110010316333 1100301100οΏ

i) 01311·30103 3 03311100313113 3 061130310103
00113131 1163611;

 

(111111001110131 1101-30030 0313110 00 111161 holJezte 1011ῑ1876ε 111103 (1. S.)

JJJJ ’Ξ 3 J. JJ

(4)V 6. a 1163311611 0030103016133610 18761xv. 1. cz. 64. §4110ss 18832xL1v. 1. cz. 86. ξ..)
ἔὲ)ἒξ-14Ξ3ἒ110130030 010110 3110113; 1876; J'.11 1. cz. 19. ξ.

