464 1871 .· L. t. cz. Keresk. 35 hajo'zcisi szerz. α chilei kdztcirsasdqqal.

Ι. czffih‘.

Az osztrilk—magyar monarchia 35 chile 1(112131535333, 3201( 13110531 35 1101-
33131 11621 3113366 beke 35 1131111533 311103 1333.

11. CZIKK.

ὁ 35352311 35 3110510Ιί 11113111 1·“3Ι5333 31131331 35 (311113 1(11213153533 1311111113
1(1121 3 1(31351(31135 1161356365311 52311311 1352. Mind a 1131 313335 523126116 131
1101311131 5231131103 35 11121055331133 13103311131131( 113161111131 35 1310313313111131,
3 313511( 131 1316131313 1313113203 helyeket, 1(1λὸ161131 35 10116131, 133113111133
3 1(31·351(31Ι35 11135 3331231311331 11133 133, 133)1 1333 103 16161131] 33331113131.
5231131101] 131162110111131331( 35 1311131331( 32 313111311 1311113131( minden 13523-
1133, 1(11131311131331( 35 311031311131331( 113231131 35 13133131131, 35 3 3133311333
32 015233 1111133131 3113311111, 13111133131(1(31,1(3211111- 35 333113333136 1335
31311131 33311133 35 kicsinyben 1(31351(3111131331(; 523111311311( 35 1313111, 13-
13311111 1113131( 35 1(31351(311313]1”11( 62353 131113131311311 1131333203 1311313131 35
111210553301 311323311111, 111311311331( 32 111316 01523301( 1111133131 52311111 3 1131-
16111131( 6113311321133

Η35031611311 523336533311311 3113311 3331133111( 523126116 131 113111- 35 116513-
113161331( 3 313511( 131 131313131331( 1313113203 1(1Κὸ161113, 10116113 35 1131131113, 3
31311113 11135 3311123131( 113111- 1331 1165131131όί 1131103531131331( 1331 16161133
1131103531131111 103331( —— 11313131, 320111133 110130310231, 1311621(οά111 35 131113-
501131 13331, 1313621133 3201111311 32 111316 015233 161133131331( 35 13311313131-
331( 1331311331( 31313113.

Η313102011311 1(1131311131111. 1103)· 13133 3211(1( 113131023131 113133320313111131
33)·35 11116161 11621 112611 113111 1131623513 nem 131-13111131( 1(1; nem tekintetik
32031133 113111 3316235331( 32, 113 3 523126116 13131( 3311113331( 1311331161 1616
131313311 1131613 3 3135111331( 1111Ιό311626 1(1κὸ161333 13103133131 13521313331111
13521 131 1331 3313113203 3161103 131(13 13.

111. CZIKK.

Mindegyik szerz6d6 131 1(31·351(31161331(, 113165 1(31111311)·3111311 1331113161323-
161331( 35 331311 110133131331( 523113653331133 3113311 3 133511( 131 13111131311133
6213131131 31311 5231331135311 3131010131, 31131 33331( 132313531 1315235111( 523-
1131 13350313, 31131 31111152οΚ-. 113)1323161(-, 63113161(- 1331 17011333501113
111231; 33111 13111523111113161( sem arra, 1103)· 3135 5233131131131 31113113322311311,
31131 3 1(11(31 3 33312311131131( 113523313311, sem 3113, 1103)· 3135 szemfflyeknek,
1(11131 31331133231 161131( 1311313 333101111 11311 1331 1111313131 1123553331, mint 3
1113113111 113503 35311133 3 33132311131131( 11231333311.

52311365333111133 3113311 1131131111 venui. vagy 1131133311 3131131, 35 1313111131
35311133 1316 35 313116 3335233 13152353 5231131 5231133113 1333 3131 3 113135-
11311351161 ki 3331 1111011 1131351131131311 1121311313, 13131(- vagy 3111113311, 13313-
331( 3201( 31131 1131113 3 1113335 523126116 13131( 131313131113 35 1111101131113, 31131·
03333 1111113. 1353111103)ν 1113311331 3 33132311 1311011011- 35 13161313111133 131111-
3116 1611133131(- 35 52013501331( 31313131 11613135311.

