1870 .· XXXIV. t. ez. A Ferencz-csatormirdl. 197

nek a 3231261133311 1’3ἕ1311311333 3231131131 1331131113233313 3111033333 3203
133111133, 3 31131 3 1311311311 3161131311333 11113313.

22 5. A kinestsirnalc visszamiltasi joqa 33 mades-arole.

A kormimy 1311131113 1113333311 3 10301, hogy 3 16113131331111311, 110332311111-
’101-1, 13321133 pedig 1111161 31111311 3331011131 3 3111311311 113138233313 1111112611
331313ᾱό161 323311133113 1131311332 (30) 31 1310111333 11133, minden 11161133 113-
1311 3333.

Α 113323131133 3131113111 3 1162131133111 3133311126 61 311 113213 161311313111
&Uaga sog szolgaeilni‚ meiy {itiagos fisszeg 32 3383113111(ἰὸ 1311331318 3 133213-
nyeseknek mint 311 131311311 1123133116, 3 111333131 3ς131111331 sefiogositva 131311
3 1133231311331 3 313ς131316 16113633235 11311231333131 13 332116261111, mely 16113-
633238 32031133 3 1611313133111133, 1113111133 3 1113161311 1111131 33113313, 3233
3113311311011313111 1131310231311102 11311331 1011111011 1331113833 31311161131131 11313-
33111) 3313 131131.

23. 5. Α ve‘sszavciltsis k·5vetlce:.me³nyeae·.

Az 3113311311 31383211313131, 131313131 3 33310133 113131133311311 1131161311132-
13131 32 3113111 32 3136 33311133 11151311, 32 11131111111311 3 24. ξ. 31’11““111311311
13383313102011 311 131311311 11231333 31311311 1311 32 311531131132311 33 1311311133
3131133113 3331013311 1311313133133 111110113113 33 1133201131132313113; 111110113113
13321 1111Ιό311333 3 3331013311 1311113131 3 16111131, 3 stild- 33 313313311313101131,
3 sel· 33 313111131311131131 minden 110223 1311026111131 35)*313311133, mint for-
1131311 33211626111131, 131- 33 1313110113 113113111131, 33111313111131 32 1311111331 33 31-
1132331 1131131133, 61- 33 13111111326-11323111131, minden 131323131131113111131,
butor-zanni, 11183- 33 ingatlanszigokkal egyetemben.

A Ρ313332-3331011131102 1311023 1121313231311, 131131311331311011 3 egyd'b 131·-
gyak 3113113 113111 131131 3331131131111, 13131 1011 3111101, 3 3111163 3233 33310133
32 3333631133 31131 3113131311.

Α 113323131133, 1311132 3311311311-1116 13131- 13133333 111131110331 1131132311ᾱί1, 3113131133111
13131 az 31133111131313113 11332311313131011 esa· 1311131131133 az 31131311131313111311 32031333131,
101331, 32 3113131331113111311113111011333 313116 31311311 1131131316 1131331116131313331113 33213
1113803 vagy 3331 1113303131311131113110233011 13133 33831131101131331 17. ξ-31133 31311113
1611113 33111 31131331111, ugy 1113313321 az ugyanst 13113311.

3111101· 1111111316 33111 1161313133311 3 resne-mul

24. 5. A F erenez-csalorna ‹itcnlsiszinalc mddoz-atm’.

A 111210311311 13131313 111311 1162131133111 32 engedfflyokmziny 1. ,ξ-311311 meg-⁴
33131020113131133 33 3113131 1033331113 13311116 13133; 32 33531131)1 1131311113
131113 1131113131 323311133113 1131 1131 3111113131 egy kitiizend6 napon 3 1113331311
11323133 113131133213331113 3231331133011 11323131111311, 3 131131311 31113321131111611,
32 3113111131111011, 1133233131332131, 1313131111 311011 3161383233311 33 32 32311
napig 13113116 113231331 1363231111313231111323 egyeb 1161313133311 3 1113133131
131313 13132331113311311, 3 3203 311331ρ332131113 32311113311311, mely 3 peinziigy-

minister 31131 111111231111 sog.
Α esaion-nava! egyiitt 1132311 1611131133 1111111, 13311311 33311 32 111316 323126-

1133311 1313113131 3113111313311 31 3 31311311161 ug 3113111101 pomos 13113131311 332-
- 116213311611, 3 131131311 311133211113 33 3 323313 33011 113231333 3133 32031131 32

3131133 33 3113131 1053331113 13311116.

(1) Ε 1111113ιά331 mbdositJ'a: 18733111. 1. cr. 3. ξ.

