150 1870 .· XXVII. t. cz. A valkc'my-pevjaeimosi vasut kidpitese'rdl.

A 1613311133311133 5311353335 3113333333111 3) L'zleteszkiizbk.
1353313301 35 16131111313311 31311 335311313313-
331361313533 33 3333331135331311316133 3 1131-
161363 53313331 113.

Az 331313533636331 3 2-313 §ban 31131311
133131. 13531-1131311 1333 221. 35 322. ξ-311133
31335333011 113131033133103 1331311353 31311311
33 333333113533 313303 13135311131133 3133.

A 13033031-1333311 1333331033 133313133113-
1353 1711 1311131335313 331310313113.

c) Epziletek, pdlyaelza'rds, jelzeisek.

 

Az 3111113133 13131111353 3 1333153311 1331113
5301113316. 11335333 31116365 353133 311313131311 331 13333113 3103303103 313313133353 3133-
3113131133 313111613333331 1331311331) 331 6111331 3333313113.

3111111336 131. Ι A 1303303103 3113131 3313111 3313111131 113113·

11113333 3110313503 3133 331 131611311153331 11531116333113133363 31.

13333331 113. Az 655335 31353311116 303513 ⁸14 13533331

1163333103, 1131111131 3 110513, 1311133, 1333ἾΙ 1113311105 163353311163 3331 53335333533, 31133·
61533, 5111. 1353313 3133311331316 11311153333,1133 3 1611111 11350316 30351331 0313113331 31331-
3163111135313 33 333333113533 nem k61e1e2-( 1113333363.

1311133. 1 A 5333131153311113513 3133131115 303513 15

Α1313313133 0533 3133131316 1013310111 353133 313311333113163.

3111133363. A 3311613161 1133033336 1013311111 35336·

Az 3111113133 31131313313111 3 11311531333 leg—1 363311, 131331131 3113131133 3 31111613161 533111·
11113310531111331333533133113163313303361,3531-113336 5 3333 1131111331 13133533313336 3313-
133 13111313331, 131103 1331 1311131331161 [mab-ff 303311 3111313533 333333113533 3 3330331311
131 31111113163 316. 133101 11331111.

Α 113113 3333111353 3113131133, 3 1333313331 15
13331113, 3533 011 5311353335, 3 11013 113113 3133
1331 1131153333 31311311 13331 31.

Az 3133 3133135313 5311353335 30113103 35331 3111131113101331031 3 13133133 3333331133311
333103 1310331011 111-311313503331 1331 011, 1033103 3331113 3613333333, 11031 1105533111)
1131131133 3111133363 131, 11013 1033136313333353 1363 31 3311033331 161111 31131 5 10331 33 33113,
33 ιιι-3113111161 1333131111 150 313131· 13101533131 s ὃ 10331 3 133513 113311133 36313333333, 31331
35313 3331 13131113113. 1131113111 33 333333113533 33 311311 53013313101

Ρ3110116 30113103 313311333113163 5 331 3116 33133333313331333, 3111313533 1353333 3 13113-
11311161 161111111 301131 131103353 15 35336361- 1311 11311153333, 131335, 11311313163131315 minden
teffiestk. 1335, 3 1333533135 63131 1331311353 3331131161

Α 1101131131 31 33111 13101131-311313503331 3 5311353335 13133333353313 33313 3 11311313 31.
135511 31333131 13136 31Ιό 1311133 31331133333363. 311. 30113331 13533161 33 3156133311 1351131133

Az 333333113533 3613135311 331 331311 131· 3133313333 3133011 5333133103 5 3135113503
11331, 11131133 az 3110313503 363111315313631335 ’ 53311111 313335311331 5 3313333331, 5 3 30131331
353363613316, 31111331 131. 13533161 133336 3 13533331 13133333353331 53131

A 131-, 113113- 35 1131333-131363 3131163113163. 36115333363 10333310511331.

A 3331 35 3 1011310303 113533311 13136533133 Ε333 361313331153313113511353 33031133 3533
3133311116 5331131103 5331131 13333333363 113. 33 333333111311331 3156 70 313 313113613131-
held, 33 310156 ΞΟ 31 31311 3 113113 1113163031

d) Allomdsok, 1 31313311353 3533 3 3011113111 5 333333113533 3631
ἰ3 13531133 3613336 3313331331 31311133 35336-
Az 333333113533 3111313533 3 11631333331351Ι 36111316.
11313135 31331313131 313333131033336 31103135οΛ 6. ξ. Az 333333113533 3613133111 1113311331 az
331, 1313111131 3303 311013351, 31311 3 53311· 33333311333511611331 1131311113 131113 3311111161
3113111135311103 133336 353113303353331 temni-1 5333111011 14 3311 313111333131· 1613131131133313-
13336 - 31111331. 1 511351 1331 11133131· 135311 36135611, 1331 53616-

Α 135313135 3111131333 6553113333351133 3311ι 33351113-13115331 3611331331133, 31331 13313
133313 3303 31133331, 3131133 3 30131331 31131 1 3135, 3 3133131 311313 13533161 111310511011 31133·
31111311 313503 133311 1353133 533111331311133 1131111031133 163533311011331 5331131 533311113,
11313103131133 meg. 1 5130110 1011310. 3113311 313105113301 3 m. 311.

Az 3110133503 31131133353, 131331131 3 3113163 · 3631103ῑί 31133111333131331 133333 1313331; 3613·
1131131333 35 311311333531333 31333313103353 33 1 13533 1013111111 33 31133331133351 1611331333 113-
33333311353313 11133113. Ι 1311113 131113 3311131111 53313113336 3 1163311 31311

Az 3110313503 330111133 1131 113113333363 31, · 3131313131, 11031 3 13113131 33353 13531331163313
11031 53113533 35313333 3133113310111111113163 ¹ 30 533331333333 11311331353 11131051113 133.
legffnek ι Azon 35311133, 113 3333 3131313135 3133 nem

 

 

1) Α ράιῃα kee‘pitm ’

 

 

 

