266 .

1871 .· XI V. t. cz. Az ‹martios-tarnem vasuh-61.

11311 3131133 311331 3 1351110313ιί 1333131131111381 3135 11331333113313111133 13533501, 38)·

13133113531, 1181 53131133 3303 311 3131331 3133)·-

3115383 15, 13311311 33 3 11353 13331311311 10 1131·-
1133 13113531 1111331-3131110133311331 3138313 131-
1313.

1113 3 1351131)3-101135 5331351111353 1··38) 1335
hel5re 11310 1131313,1·38) 33 3383331105 1131311-
333111 3133113, 3 3131· 31381310 1311133· 133313-
113113311 111310331135 31 5 1113511013 311131)3335131
13333 530115383553, 3111101 118) 3 53131, 3113133
311331113331311311 311313133311 055335 11011538311
33 3383331135 11013135 1153131.

9. 3⁸. Α 53331311- 35 3135331111351 1131311 11331
3313103131111, 1108)· 33 3113311 113313111131051135
1833)·11313131311311 381353 13313 31311 33011 3138113-
1310335313 3 110131331 30310 1131011351 8131101·-
1333, 3303 3138138)335531330111133, 1108) 33311
3113)11’3, 1108) 33 31131 3 [13113 031311 5 1311131·-
1351 1101153833311 13333353 135331)331355311.

Α303 1303031101 1133313 113318, 1111303 33
3383331135 33 3113311133131111310511351 10111113
18331113 3331 133331, 3 5331111351 1131311 13131113·
1353 35311 3 1101313111 38113335 031338133353131

101133113ιί1.
113 3 1351111 5331111351 31131131 3 10111331110335

311313111101 5331131)03111 10813, 3 3115333311331
3333 3383331133311 p6l56r6 15 13113533 31133)-
1133 1353. (¹)

10. ⁸⁶. Α3 3383331)3511311 133833833131111,
1108) 3 53333330 533111135131131131 1111110131 331151-
113331133 5333111553, 01)1131133, 1108) 33 31113131
131113131113 1313113131 1310 1113131131131 01533805
3113111133 1311033311 3110833111.

Α3 1115331135 3153311111353 01533805 31131113 3.
11013133) 31133013353 31311311, 33 3383331)3.5“
3138113135353 138) 3 1101111311) 13333113335 53
101)133,11033111·01 110331113 3 1103131133 311111
11011311 3113805 333513113111 5331131108 353110-Ε

wlff-nig- A 9. ξ. 311313130311 31131· 3 korm6n5

31131 1113853311011, 31131· 113318 3 1101111311) 1111311-
538313 33 3383331135 11033313131353131 3138113-
13103011 3153333501 33 3118333·1)1·5 31131 1301103-
1133 1353311111131011,3813531133,1311135311 3 131·-
g56k 38135 33313113, 33 38153 10113111055331133,
1381 35311 3 113113 38135 10331533113113, 381111
138) 31133 3 1131 1111311133 3113333 5331111351

 

 

 

3331111311 1353351131ιί 11311 minden 5311111101 5 131·
131110301, 111 3813113303 1311313131131 3110113313
0111131133, 1108)· 5333131135 3103111311 sommi
353113 1131)· 33 33355311.

1111333333 11331·333133)·311 531313835 3111311135
(13133110) 31311131133 533113111313311.

12. ξ. Α3 3131311 5331311331 3 1131101303 11331-
1011 1311311110Ιί 1113835383 3531313 1083 133 3
1101313313311, 33011 5331111351 1131313 31383538
1311331313 3 3131113131-315331135 131318 135331·
111331.

13. ξ. Α 1131033-533111135 135331111011 31533·
1135011 5331131 353110313330, 35 113318 38113531 a
11330813113151311331, 3135113531 3 53311. 1313133311
3533111 13511311313153538 11031 1868. 311 junius
18-66 nwgk6t6tt 3813331331 31311133, 1311113311
5331131131 3333 3383331101131331111383531ιό 13-
5331 1131133111.

Α 1331311111 1·35ρ3113ι31’511131131 1381 3135
1131)·3111131 3 1131033533111135 11331 131131011, 1381

4311311033330, 5 33 311331 1353313 1133133031)

381331113111311 33 31183331133311 [1311313 15 3113·
3135311 13533311, 3138 113318 33 33318 13113101133

.1311(311331Ῑ11, 33 33331111 13113101333011 33031133

35311 3 3133311033 3 3138131 1101111331 1013·
338133.

Α111313133333011 3138 3333 1131310331011 a·
11133308)1,1·3131111111 33 31131111 35 113105381 1103·
11131035 5381 01· 53813 138111 3 139333331113 15.

Ν38101111 1131033- 533111135011 3331131101 31.
05311311 1351111315 535380111131 110135 50305 1115381135
11331 13333110 38)3331311)3111133 33 3383331)35

13111131 11013135.

Α3 3383331135 5 1113101118 1083103131 1101313·
3111 3138111131 138111,1108) 6 11331135111105313·
1)011 5331153313 51313 1033111030138 3 3511. 53311.
(1311 311331-, 1313311111 3 115331133111 35 etse>

313131)1 13531131531310111131 1101011 38133313311133

110333131313311.
Α 1131033- 53311113501113 1033111030 113131033-

1011 35 1133137313111311 31383101311113101383111181
311 31113 5311 3 11031335 53813 135 3303 3533310113,

31311 ek - 311111 3 1111353138 111383531ίό 13533 -

3 31311108 01131133 31311 31133311

14. ,Α3 3113311153111531011, 31131313011011 35
53018311,11111 3 13531311 1833831353 35 031313
131311 0111030 113105 38011 31383133531101, 138) 33

131015· 53813 38)33101· 11, 138) 1101311135 011 353- ! 311331 313311313311 33311 33833311301 101)0 11138·

1313 33810111) men-ku 3.

Α3 31111331 135331111011 315331135011 33 31011·
11331 3131131113 1511131 131331311131011, 33 35311
1131031 havi 3111313133351111 ulain.

E 1311131311133 38)(311113111 1083 133 3 1101·-

3133131111 3 13111131131 533113110331.
113 381 53311110,1·38) 1311031113) -1-3113111030

101353 1138111 138) 1013313111 33310113013 135·

3131 1135311311311 135 3 11310538 31383133531 183-
3011311, uti 31311131111131 3811111 138133 533111·
166?ng 01133 13131133, kik 6 13511131 3 5562!-
1381 5331111351 1131· 31013835 11111331353 3311111
105 511115 5331110138 113533313311,1·38) 3 53311113133)

111303105 13113131311 31311131311131·135331111351133,1 3311133311, 1381 531) 33311 1131113133 03131331353-

11) 5'. 6.11.§.

