1871 .· XXX VIII. t. cz. ΑΖ 1869: VI. t. cz. modosae'tascirdl.

111510133113135 3311111101 513131133110 7115031 113-
13311311 31 3113313311 3103331 1355131113ιηί.

8. ξ. Az 311313-310133311 νί55131311135313 3
6. §man kiszabou 1131311110 1313110131 3 11313133
11311313111133 13313111 31551313111351 1351131311 3
113113131105011101 a 1101311011 1110111313 3103331 113
1033311 113113131, 3 13103350113 331113 113135113-
50113311 hely 3331 3113111311133.

9. ξ. Α 1131331111110511351 3110 1113105011 35
10101111101105011 11313333313501131 111111133111311,
11031 31 31131311 3133 5131101135 311313111111311
1153113335 11131351 11013131311533 telekkbnyvileg
1111105111355311, 111313 31311101 11 3-111 ἓ-11311 31311·
1311111111111313511311 113)Ῐ 31 3111311311 111110511351
0551113311, mint 3103 13113103011 33333333331
3113101330011, 1331131113 31 31 113311 11311311313-
135 1033331051133110 1351.

Ezen 1033331051135 35111011353 3 113111031-
3113151311113113 111131111, 131331103113 3 1311135113-
5011 11ον311131ωο3131 33331101 3 11331033311315-
1311111301 131331330111.

Α 1311111031 11111051135 110131313115333 331311-
113313 111335131- 1313100331101 1311010 135313-
131113 111 3331 1311311.

10. ξ. Α1 3101111 101001110105011 35 1113105011
111131 11131311 1133131111110511351 055133333311 3
1135113113-01131 311311 13331311135313 331113 113-
13101131311, 11033113 3 113133 115113 1013031133,
11111)’3-111311101113311331 ’1221138 0. 3. 111331 33-
310111) 1331111, 31 igy 13313111010 10113113113110105-
1331101131111133311 31011 3103 0551113311 13513311
31 1111331 1311313 ν1551313113311011, vagy 1115513-
131113311011, 1331131131 3 3. ξ. 513113131111111311
113133111111051135 10131311 31 3113111 1113111111 3133
31131111 310133311 10113511353 111113 1033311 3 10111-
1111101105011 35 1113105011 31131 11131311 055133311
3 1013031131 [3135133001 13331311113131.

11. ἓ. Α 131311 5131100351133 3111311311 1133131-

405

5331 31 3111111311 10 3νί 11313111103 1111 1133131-
111110511115 31 310130113313111110101131 113111 131-
13111311.

12. ἓ. Α 1135111311 1111311111 3113531101· 31 3113111
3101111311 11313Ιρ5313 13313310 13333501 3131111,
1113111133 3 11331311111105110 1113105011 35 101111111-
101105011 3 113133111111051135 1311311111 31311113110133
1133νί53113 13513311.

Α103 35311133 1131113, 113 3 1101311131* 1351-
13311315353301 3131111, 3 110131331011 11313-
10113133111

Α1 13313310 133335 3 1131331111110511351 1110
31311111 (10) 1331101 31131111, 313113111101 01 (0)
1330131 313111133110 1351113311315111311131131 ki,
35 0101 (ὃ) 3 11313311111105110 1113105011 35 10111-
1111101105011ς 35 113333 3 53101101331311 11111013 (3)
3 111331101311311 1131113 1131101 (2); 3113313310
133335 133131131131111133 3333310 jogok 11131ν33.

13. ξ. Ε133 5131100351101 33313511013 131315-
13111131 5 333311 1033101113 31 3531133 3131313300
135111333131511131, 13351351101 3 11311131111110511011,
13131 513110110 131311 1101011 1313131013310 113135
35 vitas 1131035311, 05 31 3111101 5131133133ῑό
11ον3131351 103011 3 10111333 5131131331 5131131
ν313511011 11110533 111131 (1031330011 31.

14. ξ. Ε133 5131101135 3 113313111111051101113
331113 3 5131101135 31311353101; 3 11331033131315-
13113, mint 31 3113131101111331· 31 353111331 11311-
1153101013 1131113, 31031133 35311 3 5131101135
03131313531133 1331311011 10113331101351 10113113-
3335 11133 1101111310.

Α 113311133131315131 110131311 133331, hogy
3103 35311133, 113 3 11311311 1111313 333 1351113111·-
131535333311 3031331131, 13513101 3133 513110-
desta 13513331131535113 31131 131135 3131113311
elismetrtetni 35 1110133 3131151311313513111133 313-
113131 0313.

Minek nagyobb 1111313111 13133 5131101135 a

111110511351 11013131311533 1131113131 113511 3 135111 513110110 131311 31131 3131131011.

1113331111153 3311111101, 35 1311 egymaisuuin 111

(110113111313311 31 3131135011 1131, mint 31 313-

31113, 35 3333110313 5313 31 3111135 111313 31311, 11311 5131101135311 3113111111.)

xxxvnl. TORVENY-CZOEK

az 1869. (evi v1. t. cz. s az azzal beczikkelyezett 3111]311313-0111110111γ
1131113111 11313101313111311 11100051135310112)

(813313511351 nyert 1871. 3νί junius 111-33. 11131103111ῗ13ἓ11)31 orszinggyfilc'es 3113111131 11ἁ1311311 1871. 611
,13111115 - n.

·1. ξ. Α1 3150 11133331-33350151331 vasut 3111- 11131013110131101 31 0151113 1131111313 13113110 513-
1351113 5 01131313 311011 5 31 11869. 3νί Vl. 1. 31. 1135133 133131131111 Vno-ad 33131113005531 3111111310,
31131 beczikkelyezett engedffly-okmaemy 5-ik oda 1300051113ῑί11, hogy 3133 513113513311 Vid-
g-ainak 3103 3313101313, mely 5131131 3 1135111 1331110131 015133 1131311113 13113110 13513 3 110-

(1) V. 0. az 1883: XXII. 1. 3111111113 111131011 5131101135 vm. g-Anak 1110150 1131131113531.
12) V. ὅ. 31 1861311. 1. 1111111131. L. tovitbbin 31 ugyanily 1313311 1873zxx111., 1875: XL. 35 1883; xxlx.
t. 311111131. Α 31331131-33350151331 13531 3133)·31· vonalainak 31331311353101 v, 0. 1889; xlv. 1. 31.

