1869 .· ΙΧ. t. cz. Junqholz kb'zse'qnek a bajor vdmrendszerhez οεατοῑάείινόὶ. 73

Zfirjeqyzfikfinyv

3 111011 8101338303 1311030 ,133811013 11033083011 3 113101· 13111- 03 1103110103
300103033011103 113110301333101 33010 3301300031103.

1. A szerzffldds 1—4. czikkeihez.

’1. Α 03333311 11113111 1101111331 3 301103οῑ1 101010110331103

3 Β310101333811311 01103103 1311113111131, 3 0331101· 03 330111 3108ν331031313-
3313 1033111030 11010303 33303110111131 0811111ς

3 1311110111011111ς

3 13311030333113111 03 3 1131310311ῑὸ 101110313οΚ 1—27. ,ἓξ-311, 3 1103331011
11130011 1110003110 vagy 111080331ιὸ 103001010111101 08111111 1113110011010301. 53131-
1'1gy ki sogja hirdettetni 3 03. 1111. 110113331 3 1111. 113101· 1101111331Γ 01111011 1308-
110103030 1011133 33 010011011 131103011 03 30011010103011011 13001333313 11033300
081011 1310311000301101 13.

1111330310 130003 110110333013 03 11111110010301 3 03.11.1101133311 01010103-
13300 03011103 3 3131313-110130013,131313131 3 1101101003 10131011 101130331101 03
30 3108300313133313 303νο 3811333303 1011031011οι 03 10300101011013111 3111.,
13011011 831010133381133 1001111131 01103103011 avagy 130003111313311.

1131313331( 1103311030 03 10111333331333,1’31331131 3 101130331101813η33 03 3 30
1013101030 3 110100303 1313111113011103 03311 3111101· sog 31080380010131, 113 33
0111111011 1001380 1011031011 3111. 011 0101111 1131311113 10111011.

3. A 03. 1111. 1101111331 3 110- 03 111111011 30011 033308010, 11011311331 31001313
&s 0110301303010, 1313111131 33 3111101Γο 1033111030 1011031011- vagy 333113111-
103001010113011 1131010133381133 30133 11011010111030300 1301103113331 01111011
1103103 03 310811010303 10111133 3 30103011 10111101103303 13 1131311113 101110103οἰ.

1111301081· 3 0311 1101133311 3 101030 113303110113311 03 3 1011010 108333113-
1131111 1101030303 1018310111 0301133311 111081010103011 131113, hogy Jungholz 110330-
803011 1101301013101101381333303 3110113311 1101103303οΚ 31313,111131 13310101-
33381133; 3303 030110,11311310101331811311 3 330130003 4-111 0311111011οη 3108-
301030111011301101103 kiviil 10101103 11108 313301113 13 3110 1011013011, 1103330111
3111311103111,1111300311011 11010303 13081101030310,1181’333303 t6rv6nyes 11313-
103310113311,111011011 ily 03011103 1131010133 181133 31131 33 3110 110110331313331,
31131· 1103011111 1300031133 1011133 1113031333311,081100111 011083113331, 3 31030011
1010101103303 13 10833310311331 03 33 0 1011131011)οῃ 1111010133181133 11033300
103113331131101131 0303 10111101103303 13 1131311113 1011101111.

5. Jungholznak 3 113101· 1103101011 30011 1030330101]οΖ 0331131103333 011 1110-
1103 1011ου111, 3113133 3 113133 101111 11311133 101110 8310101333811 ’13 1033311. A‘ 113101
13133130110111 113101381013381103 (111101301313) 1310 113303113 303νο 0810011331 3
1101 03011 1010101103303 13110 03.1111.31311ν310113311 33 1330330 113101013338 13110-
331131 101103 egy 0310803383 111310311131111.

2. Α 3301301103 6. 03111ὴρ1103.

’1. Α 13111311138331 1133831311 0810111103 3 03. 1111. 11110338011 vagy 11310338011
31131 11ον0101100 011313313 1033111030 1011031011οι 03 1030010101101 3 031111.
1101311131· 3 11113111 113101· 110131331’31’31 08033 111101100030111103 11030131 fogia.

1³.. A 3301301103 6. 0311111011οη 0111111011 11311131113833011101 33010 1318131331

