1871 : VIII. t. cz. A biv-ak 35 1111351191 hivatalnokok Ῐεῑοῑὸεεόῃένόῑ. 243

515. A 131813135331 jegyzfikfinyv vezetendfi, a melyet az 313311 35 1381136
113311 313.

52. ὅ. 113 3 1318113135 31311 1313131311 11313131331311 11131111 1331111 111113118313-
531, vagy 3 1113583131 13111313531 1353111 53315383553ῑ 331 3 1381131311 11113538 3
1318131315 3111313531353 31311311 3113311311.

53. ἓ. A fegyelmi 11113538 3 1318113135 3111313131131 1313131311 1113331113113111133
11311351 1133 11313131, 5 3 13111311 31133 13131311111 1311311 5 3 1111313135 11331, 11313-
1353 5331131 3 22-ik ξ. 13113131 1133311 11313133.

Α 1318113135 311131313131 131 3331 31311111 1131111313311311 33331133 3 1131313331
1318131 3313 1131133113ῑί11.

A 113131333131 3333 31351133 ken 113331, 3 313111133ζ3 1318131115 11313133131311,
5 33 3131111 331 3333331 5331131 1111111113ῑί.

Α 1131313331 vagy 131133313513, 138)1 1131113513 5331; 33 31311111 35311133 3
13813133 11113538 31385331113 38131131 3 11113131351, 1313111131 31383113111113 3 13-
gyelmi 3113135331 3 13111311 31131 1153133113 1311538311 15. Α3 3153 35311133 113-
1118 3 ν3111311 1131153831 31381311131111311, 35 1131118, 113 3 1131 111131311131 13111113-
1311, 33 311313, 1131331133 3 1133353113νό 31131. Ε8γι11131, 113 3 1381131131 11113538
3 1311131131131133311 5 33113113, hogy 3 133833131 13533131 331311 1133353 113-
mis 311113531113, vagy 3 1331313311 5333113113533 311311111311 3133335313 3131111-
131311; 3 1133353131 500 13113118 11311311113131) 11115381133 313135313113 31, 3
1331113311 3138333135313 3 131 5 113 33 3113133 iigyve'd 11351133 31351113 3313
volt: az ii ’1311 1313133131111. Ε333 1111538 113 uem 11311113135 3531313 13853813
ν31133131311 ό 31, egy 331131 5 13113113 5331331311)

549. 1111311 3 1133113313, 131311 3 131113111313 1131313331311111111113135 11133
24 313 31311 13131111331131111, 35 131311113335 353131133 3 11331135335131 533131133113
3 3311 31311 3 1313113111311 11351133 15 13113113111311311.(2)

55. 5. 113 3 5333311533111138 313811133311 13111311 3313 131331 1338 3 131813-
13513, 5313 3131313113531 3131135 3113111131 3331 18333113, 5313 3 1318γ313513 31383
11311311 1181131131 33111 1111111311, 5331 1131118 1311311331113511311 113 3331 nyujtotta:
33 3113135 3 1331311111 5331135331 311313131133 311311 3 13311311 15 3138131133113, 5
3 11113538 3 1113583131 31·31131331’31133 11311351 1133 33131333131.

113 311331133 3 ν3111311 3131135 311311331 13813 3313 131331131111 3138, 5 3331131
3ᾱ21318ιγό31ἱ35 31381333353 31311 11351133 18333113, 3 13181313513 111 1131313311
1 33 1.

[11313835 183331353311 5331311 11313113 31335.

56. §- A selebbezett segyelmi iigyekben 3 13131111111311 13 31131 11113538
1311εέἒῖΓὲ’1ξέῗὲἑὲᾞξιίῗῦἷῖἒέἷέἓέὸιῗὴῗέ ’1ξὲηὲιῖ ῗὲίἓήῖιᾞέξῖῗὲο ⁶⁸¹³ f⁶5y⁶¹¹¹¹⁵

57. 5. 1111311 33 3153, 311311 3 13131111ν11311 138131311 11113538 1311311311 1131313-
3313 3 1111111113135 11133 24 313 3131111351133 1331133113 311311 3 133133133311,
mind 3 1331311331, 5 3333 solii! 8 11311 31311 1133133113 3333 13111331533111131 15,
3 3131111131 vagy 3 31311331( 1311113133 3 13111311 3111311333113 van.

Ha 3 1111313135 11113131135313513 5331; 3 113131333131 33 1833538381311315131-
1133 15 8 3311 31311 131 ken 13113531331.

58. §- A segyelmi 111135383311 1131313 31133 3 1131311135 313833833131111.

59. §- 113 3 1381311111 3113135 1338133113531 31383313] 11313131331, 33 3 1133-

ἑὲς ξῖ ἒ3ἓ311ἒ38-11113131353311 1331311353τὸ1 v, ὂ. 18802xxxv11. 1. 33. 4. §-

16*

