1869: XIV. t. cz. Postasze›·z‹5'dc³s a Duna-fey'edelemsbqekkel.

Az 3111111011 13131311 11011013 131ηά331101· 3
13363113135 hely-&ig 31613 1133133116.

Α3 331111 5331361ἰό 0153331161 3 1335111113
53616 31331011 13131 3 116ῑὸ356335, 35 3 53111103
11311351 1131313313511311 131131 1113131133 131111 31-
133116 10 1111111. 3531133 36 11311113 53311011, 1111-
11311 van 31313113.

11333 31133116 3111111311 1111 3 1311316 110513-
31131313 mat-ad.

113 3111111011 313133511311 5 31131133331116 310111-
1311311101, 113 3 53313666 0153113011 3311113361
3 1335111113 131331313311. 3 17. 3311111333 3133-
3113311011 111315311311 111103 131111, 53111133 31311-
131111 31335331101131331311 dij 313 3511311, 5 111111-
den 1335 1311131311133 31331011 13131311 1116111313
133311313311.

Α3 31331011 1313131111311 61131311113311351 nem
53311311 1153131611. Α

Α3 3133101113131· 13136613 3 13131 131311353-
hon· 1161313111311 11031· 3113311 3 3311113311 31131
16113111 31131313161 31135111355611.

Ez 35311133 11331 31613 ily 1111351135 (13111-
1316111) 11113 13131133 10 kt„ 3531133 25 11331
13110331133 illoti-ket.

133311 53311011 11131311 33 3111111116 110513111131311
111311.

15. czikk.

99

minden ΞΗ, 131 (40 gramm) vagy 3333 suly
egy 13533 3133 31613 1133133116 9. 1113111331, 1113·
16133 5 1133111131311 31131 3 1331131131351 1131113
3313133135113311611.

18. czikk.

Az 313133511311, 11101111311331011611 5111. 533-
1133116 2 111. 11131611 3 53313666 11051313333313-
5011 11631 31111331 103 13105313131; 3 11331111311
ὁ 35353311 35 apostoli 111131γί 1315333 1161 3113111-
13111131311311 110513133333135311, ⁶2 11311133 3313-
51111 131363133153331131.

Ε333 1333311331135161 3113111133 3 1313631313-
563311 (es 3 11. czikkben 316501011 11313105 131·-
10133111011 11631 1311011 1311511311, nyomtatvimyok
11113 3365311311 3303 110513133333135 131313 35111,
111311 331 113533111.

19. czikk.

Α3 3131331311331011 35311 33 111316 0153113011
1313161163131 31131 133353311011 1311313131 31311
5331111131113111311.

14111611311611 33 1331311ς 533133 31311, vagy
01111161103133133311 110111610113, 1103)1 131133-
5331611 11331 1131533 113 1313311103; 33 311316
3311333, 3 3131· 13311 63131 133163, 53313 5 33

Α 1313116 111133533313 33 331111 5313136116 01·- 3131103 1111111 mais 1133113ιί 13313651 3313 131131-
5311311613 3135111113 1111111611 13631031331311, 113 313311313311.
33 3111111116 1316431631 11111 3313 11331311,316-1 Α 531161311135111311 5 az 330111103 13311611311
1333533 11) 1113133111(Ξῦ 11331) 11131611 1133133116. 1331131011 5313133 533133 31311 11616113ιό11 35311,
13333 11131311 3303 1105131333331351311113 35111, 35 5313 1313131, 5313 011 1331365111313 131131-

meh· 331 1135331113.

1130311311 113 3 1315361313135 3 posta 11111111111161
1311 53615333556, 3 131536131316 3 1331311111 1113-
113131 1155331161313111311.

16. czikk.

Α303 35311133, 113 1313111311, 3 53313666 01·-
5333011 331111311613 1335111113 3133101133 1111111611
13131 3 [1051311113131 11111313 10111311 311353, uzon

mazhatnak‚ moly 3 1313111335 13113331 115311,
vagy 31111311 131131331111.

Szintugy 33 1116533111 1311011, 5 113νωί331311
nyomtatvaeinyok 35311 131353116135 31311 31131-
11313311 131, 33 311316 3311333, 3 1313116 1113113533
5 3 1131133 1111111 13115 1163113ῑί 13313651, 53311101
vag ’ 133131 3331 13113131331131133.

13133131133101131, 5311613111351 1131131 5
11311313311111 nyomtatvimyokat 131131133ῑὸ 11111113-
111331311, 113313111311111 131131313113311 11133 nem

szen6d6 110513133333135, 3131111311 1311113163 33 1313111311, vagy 3 [3136351101 nem 1131133313511131-

3111153311, 33 311161663311 3 1315361313135 3311111161

1311, 1131133313511133 1313131161 131131311311, 33311

5331311011 1131 havi 11161163 31311 ‘20 111 (50 1. 3.) 31311331 10311311 311316313131.

11311313311351 11331.

Α 13153613131351033 3 leve! 13136353161 533-
3111011 1131 1163311 11133 13361 kri.

Ezen 1131311116 3113113 11133 3 131536131316 1131·-
11611351 neu] k6vetelhet.

17. czikk.

20. czikk.

Α 53313666 1111313011 3311113661 3 1335111113
3133131131 13163311 13131 1313116111 3 13136351101·
1161313111311, 11031 131313 3 33113331111311 3 3133-
31113335 3133 33031131 express 31131 1133113511135-
5611, 1311313, 11031 3 13131 01)1 1131113 van in-

Az 3111313511311, 5311613111351 nyomtatvziny· 13313, 1101 30513311313116133111.

1116111111, 33 1130111103 1311036 113311310111131 331611,

Ez 35311133 11331 3 1313116 33 express-kezbesi-

31533011, 1111133011, 1116533111 1131011, 1113611 1331 135 13131133 15 kr„ illemleg 40 11331 31133116
1161611 1161111311, 1631131011, 53116-, 116- vagy 11111.

1631110111313 333353313313631311, 131511013011, 316-

Ezen 11131611 3335333 3 133631131351 1131)Γ pos—

mjzok, 111163131331311, 311331331311 5111. 113 33 131111313131111311.

331111 533136ᾱὸ 0153331161 3 1335111113 1161631331,

7.

