478 1871 .· LIII. t. cz. Urberi viszonyok rendezesdro'l.

α) 32 1820. 331 133333 1-15131111311011 33335 313103 53 35313, 53 1113513 3352-
331 meg nem 13133113316;

b) 32 1820. 331 133333 1-13 613 1859-1113 33 335315 111313311051313503133311
33335310533 3203 35313311 333333351111316, ha 3233 3333531 3333 kalen per
31133, 3333 1131115 3533111353533 32 333331 333113352311351, 135316- 3353 33116-
3111ὃ32351 perrel, 3133 1859-1113 33 (1332331333 31-1113315 1335131111131011;

c) mind az 1859-1113 33 335315 1311 1051313503 1331111 3333531, 3 mennyiben
33333 32 a) 35 b) pomok 3313111133311 helye van, mind pedig az 1859-dik 331
6332331333 31-11133 613 11131331 313113 105131350333 3011313026 3333531 ὂ5523-
10513133116 3 1333 1013313313311 1336 333331 333113352311351 5 1113111135 3 1353Ιό-
3353 313631311111112351 perrel, 3 1333331333 32 316331 11133 1335131111131011 3351
3233131 3 jelen terveny 31311133 105113 31351361113131, 5 32231 egyiiulegesen
1113 1113533135 35 31361 3111113135 31311) (2)

11. 5. Α mint 32 333331 33311335231135 3353313331 5 3 3011 1111113531· 5 3 3011
1133333533 311213 3112115535 3135311133. 3311633 5 33113533 33233 1113552331, 3
1051313503 133311 3333531 3 1335331051 1113333333 11313113 313 3513.(2)

12. S. A jelen 11133333 10. 1-3333 33131311 35 3 3011 103335303331 13333111
1051313503 53 3 1333311333ᾔο11133, 53 32 1313503 31123 nem 5030233163, 35 3203
3133 135316- 3353 331111111313133)1 nem 133.

13. g. A 10-dik ,ξ-3311 13351313311113113303333 311303110111051313503331 5331-
minemii 3331161135 3313 133.

lv. FEJEZET.
Μ αναάυάηῃΐόῑάεῌθ)

14.§. Azon 1611133, 3 1113133331 3 3011 1033351103 32 333331 311031333333
3333 32 333331 13313333 1051311, 3333 3356331 33311335231135 31331133331 11135-
31131111011 13333311 folii! 3131133, 3 [3333311133 53 10513135333, 53 1313333333, 53
113521313133333, 53 3331613333 (censualis ΓόΙ11) 3353 3352033331 313103333 nem
13313133163, 5 3 1331333331 32 1848-1113 3315 1333311011. 1113333333 52331313
30111ῒ11113533 uj 13133331 133102011 30133 313311331ε 3333311333311333ΥΓ61113331
33 32333.

¹IZzen foldek 3 3011 161113533331133 13333116 5 3 3131030503 31131 1123133116
3331161135 13311311 3 13133 3131030503331 3133311333, 3 3313111 3203333, 11053 3
3011103335303333 3 3131031ὃ33131 3133 1353Ιό- 35 3311111113113311333 15331113
30133.

15. g. Ζ531133131333 3315653531331 3133333333 131523331353333 helye 111335.

113 3203333 ily 1313331132 333331 133133523111 1111156 1611133 15 133102333, 3233
3131133116 5113303131 52331313 2531133311 31131 1333311333γ1611133 1116111333 1352-
333 133533113111163.

16. fi. Α 14. 35 15. §5- 353131333 1336 3333611351 1155235 333311 523333116
31, 1105)1 3233 1611133 minden 1101111333 ugyanannyi 1155235 esse-k, 3 mennyi 32
3511333203 1131333311 35 05213133 13133331 32 1868ε XXXIII. t. cz. 5. §-a 533-
31111 1336 03523505 3330611351 1155235361, 33313133113531 egy-egy 11011133 131011.

 

1311 31 {ff'sftzanym susus 187¹: 113. t. cz. 1. 5-3.
8339} ’ἔξω 17. ἓξ. V. ὃ. meg 1836: X. 1. ez. 7. §.3 1833. 1113331. 2. 3311. ny. par. 8. §- L. 1335 :libb

