1870: XLI. t. cz. A maqyar ὀ]53311-113]11901111331111·61.

3531133 33 13333316533 35 3131333311 11633331,
5335 33 3161131311 3353135 11631 10151313311, 33
111316 1131535033101103 3 331531313331 11153131-
1101131 31131 dijmentesen 533111113111313311.

12. ξ. Α3 3333331535 11613135 33 3113311101·-
313115 1353331313 33 31133113511113-533313113113311“
31315313 3055331133 53331 1111101133 6s 1311113133
5316 131311113531 11135 33 313333336ῃί.

Α 135116313333316533 33031133 11613135 3
13511113-053101101113131111351 113153111311, 5313111131

 

 

207

1116 3113361335 3131111111 113533313531 1115333135
3113333131.

Ez 35311133 33031133 3 1135333131 3161153 6s 3
1351135 dijzinak az 3333631535 5 33 31133113511113
1311333165 333 116311 31330531353 11111611 33533-
313115 31131 103 53333150313131.11350316311 1161-

cs6n6s 335Η3331335 31133 31133111313311 meg 3303
felt6t616k 15, 31315311 31311 3 53531331311533313-
11311 13133113561, 1135 53131311 3303 351 3131335

313113515333115, 31315311 3 11353 5333131131116-

3 53331633331011 3135 3133316511351 3033313311 11311133 1311353111333131311161113311131 33 311331

31333113311353331, 33 3333631535 31331113011]31531
33531311613313111131, 5 3301131 335 5313531331,
11035 33311 311311 5313 3 535311 113131, sem 33
1131311 53331315331 3131035333 33 5353111533-
1355311.

Το5311113 11613135 33 3333631535 3 3315353
31311133 13131111011 13511113533316531131 53331533-
133153313 31131 minden dij 33111111 6113131111, 3
111531111533111 3133101313501131 1333131111 1113131333-
533 11315133111113131, 33 3 53313 5311353335 353-
116ῑὸ1131 33031133 3 1115111131 13333316533161
1131113.

Az 3113111 5153031 11613135 33 333363153511311
minden az6rt 5316 1111Ιὸ3 (1151133135 33111111 3133-
3333631, 11035 1131311 1115111131 113331311 3 113153
110553311311 131336, 5335 3303 1313111133116 3113311

135111131 53331311 0531033113 3133316511113553,·

33031133, 531331131 3 1133310113311,1135 3 3133-
31651135 mddjziuak 5 33 3113 1111533311 3531163611-

 

 

 

 

3133313 53113133.

Ha 3 535513153161135 533135311353, 5335 3135
1131513 5316 131313, 5335 33 3333631535 1131311-
333111 31113113, 3 1331 31331356 13511113-533313-
1131111311 11113033113531 5 1113511053 313315333531
13333 53335333553, 3111101 335 3 53531, 311111 az
3113131 53331311311 311313133311 655335 11611533311
az enged6l36s 11613135 5153131.

13. §- Α 51131· 6s 13531113131111331 11313103-
131111, 11035 33 3113311 113313111131051135 133115113-
5313133311 33353 111333 31311 33011 3133113131033-
5313 3 110131335 1161116 1131015351 353110113311,
3303 31333335335531 33031133, 11035 3 51131- 6s
135311131311135331111353 3313 1311361131 111 335-
35113, 11035 33 31131 3 513153 1131311 5 1331311351
1161153333311 13333353 5353315331355311.

Α303 1363031161 11331153 1131113, 31111611 33
3333631535 33 3113311131331111310511351 1611113
ig6n3b6 nem 5333111,33 31311 35 135311131311

11311 33 3113311351111311331 3 1311131311133 11156’13133131353 35311 3 1101111335 3353335 1131311353·

1336533133 13113533 1131116113311 11311 13331611, 5
33311 3 535311 1131311 533313113113311 33 311331-

335 3531 161133331111. Α menn3iben 53313 k6-
s6bbi t6rv6ny6k 3 53531311 1113331- 65 51131-

0531030111103 5316 1116511353, 5335 35311 3113131 1131311 53311315033311, 3303 1615335311 3333
5331131·ιὸ 11633313133531313 5 cneum-2656 31311311 33331131533311 [1315313 15 13153533 3153351133
161133331111, 5335 1131113 331 111333 3 13511113- 13533311.

13333316533 1135133153 53313, 3113111131 35311133

14. g. Az 3333113153511311 313333336131111,

1135 3 53331311 533131 1135331335311311, 31131 3 11035 3 5331133116 51131- 35 1353131131131, 1131-
13333165113511311 35 1311135313111311 131535 11611- 161313311511131131133 5311311153 0151131133, 11035 33

533311 33 3333331535 1101110333.

31113131 131113131113 5313111531 jan-‹¹› 1113131131 01533-

113531133 3113303 353113 15,1111 33 311331 3 305 31131111331311033333113110331131.

313153 110553311311 3113311 13511113· 53331311 1313111-
1353133311311333 5333533353311, 3531111035 311-

Α3 3153311115 315333111353 01533305 31131113,
3 110131335 31133613353 31311311, 33 3333113153ἐ

1101 az 331311 53331311 131311113533311 31133331313311313 353, 5335 3 1101313115 133631333353

1161151133 33 33333315351 fogia 1311131111. Ez 1015133 1163311161 h6napra 3 1163531133 31311
31611111 35311133 33031133 3 53331311 1113311353 3 11611311 3113305 331151- 31113131 5331131 103 353-

1351111313333316533331 11613366 1111Ιό3 33533-
31335 35 35311 33 33 31131 3113 311011 1133311315
411131ωρ1133 161133331111.

Α 113153 31311163 33 3113131 05310301113 31651-
1311, 5335 33311 nem l6t6ben 3 1111163 6 cz6lra
331131153531-1131311 13511113-5333131131131 33 33-
33631535 az 311331 53011011 311336111611353 31311
1113316133 35311 3303 531363533531113 11353331-
hatja, 13315311 3 535311 113131 3331531361 33 1333-
3316533 35 3131336311 11633331 5335 33 3163111311
31131 335313511631 10151311313311. ,1030511511 533
33031133 3 1101111335 3 113153-13333316533331
3353131153 33311 1131311 533313113113311, 3 313115-

11636113131.

15. g. Α 13. ξ. 3113333333, 31131 3 1101111335
31131 31335333011, 31131 [131113 3 1101311135 111533·
533313 33 3333331535 3033333131353531 3133-
11313103011315331135011 33 3333331535 311311116-
11631133 1353311111131611, 3335111133 5335 35311 3
13135311 33535 33313113, 33 33353 50331 11053-
5331133, 5335 35311 3 [13153 33535 50331533113113,
335111, 5335 mind 3 1131 1133511311, minden 5331-
111351 1350153313 3353316311, 5335 365311535311
3531313 1133501111 1113151133.

Α3 31111331 135331111011 31533335011 33 3161111331
3131131113151331 1613313133ιό11, de 35311 1131031-

35113 33 1131311 531111533131 3133333331, 335 11351311131313335311 31311.

3113311, 31131 3113335313635611 1053331135313

113 335 53311116 5335 1311031335-53113111036

