456 1871 .· XLIX. t. cz. Km-esk. 35 hajdzcisi szerz. a perui k62ttirsasciqqal.

1131351131131131 3553311311313531131 mind 3 1131 131 31633313 13113533 533113133ῑυί
3113111133, 3 333113 1131315351,1131351131131311 35 33133351 5331361135 11313531 11313-
1331311 31 5 31353313113333113111113 3311331311 ki:

(J 35353311 35 33351311 11113131 Ρ315353, Ρ313 Amal 11·,ἰ131 3 11313331 Min-ia
T6r6zia 6r66nn‘6nd 13135131 3 35353311 35 11113131 113111 13353135331 31133133531-
335331, 131]’11313111111 111131513131 35 13311111νί1Ιί 1111Ιά313511 k6vetj61 5111. 5111. 35

Peru 11331· 1153535 3133113 Don Mariano Dor-ado 11111311 3 kiilfigyek mi-
31513131,

11111’ J6 35 113113 3131111113 131311 1113511313111133353111 11313531ιὸ5 11331353 111311 3
1111331113Ζό 33111113111133 3113113111311 meg:

1. (ἶΖΙΚΚ.

Az oszu·;'1k-magJ·ar monarchia 35 Peru 1133131535353, 33311-13113531 35 ,131-
53131 11331 31133113 113113 35 113131535 311133 13311.

11. CZlKK.

ὁ 35353311 35 33351311 11113131 1315353 31133131 35 Peru 1133131535353 111131 3
1131351131135 Ι13135ὂιιό5311 53311311 1353.
- Α 33ν33311 3113111311 [13153131 Ρ31·1111311 35 3 1131111311 33 35311311-11135331·
11113113131111133 113135333533 31133313 33111111 35131335 5331131153553135 1113135·-
5351133 131353111311311 haj6ikkal 1313113333 1131331131, 111κὸ131131 35 1313111131,
13313311 33 1335311 33133313111131 ν3Ιό 113135113113513 11311113 31133311.

Mind 3 1131, 5331311113 131 33153131 353 3135 31131313131313111311 35311 353 111131.
3 3311133111311311, 5331131133 1113311313311, 33311 1131111313· 33311311 1311331131111313311
35 131313113311313311, 311 1311νὸ 1111131131, 113331131, 131113131131 35 1131131131 113131-
11313311 35 1111113111311, 35 3 111333311133 33 31533535 1313333311 3115311111, 11113-
(13311311111 3111111131 35 1311113333111131 3353111311 35 111351331133 11313511311113111311,
3313111131 1111111133 1335335311311 11313131, 13131133 11335 1311113533131 35 111311 533-
11311311 5331131313313311,533133133111.11333111 35 jaxaik valamim 11131311 35
11313511311311111111 113353 13111313131133 1153 1113333 3113111131 35 111313553531 31113-
3333111,11131331131 az 1113111 3153311311 061··J6nJ6in6l 35 133113131311131 135113 3
33111331113111·11 6 ’·11· 3331 11

ΙΙΙ. (ᾞΖΙΚΚ.

11111111353111 1113535 5331331Ιὸ 131 1131333331313311, 11313511311613311 35 3131311113
1111311311 [1315313111311 53311311535311311 3113311 3 11135111 131 1131111313· 1311113133
31111131 1131111131 venui vagJ 11311113311 31311111, 5 1153 33 313113311113131 3 vev6-
3311, 11335311 37, 3153351133 13331113 13113111 ek 35 53311353111133 {artjae'nk 3135111131,
131]35 53311311515 sog 3115311131111; ]35531·111 131131313111 1113531131111353 35 3 113135-
11311151131 ki 33111 1111311]31··111 35 ·’11113311111311 3133311 1113553311·ἰ53 1131111 31131·
1353311311 33311 3 5331311113 131311 353111311311 131111313111·111·νίν3, 31131· 311333
111νί13.

Η3531113113μ 57111311515111111311 3113311 113131311131 31131· 533133133533 533113-
131111,111113331111311 13153351111 5331131, 1131133ιί111 53313313311,1313611ε31111153311,
ῦ53··117.311”111, 3533311311 vagJ 13113135311 31131 133511113111313311351113131,3113111111,
11353 1111131331313311311 3113, 11115 5331331331131 1135333131, 111131 3 1111131 3

