320 1871 .· XXVIII. t. cz. Keresk. szer26d65 Siammal.

36gett, h0g3· k6pes legyen 31131 1611113131. 113 131331311· 33 331111311 3163313133-
1163 1311636 11316 81331 1613111338 11311133 11316161631 333313633, 33331( 1111613
3 138116331311111 hely siami 1131633831 3 33331611331331( minden 1311316 13111683-
1331 161313331( 31311331, 336136813131333 33811331 63 minden int6zked6st 3138-
13331,111311·3 11316 63 rakm6n36n6k 6113131313 3361136833; 333133 3 331111.
36333131331 113311133161 31161, 311 1633611161 161-1631, 13663111311,1168γ 33 33
111316133 313311 113163388 831 381316116138 3 3361136833 1636331131 31381333333 3
1386311368 33331316633, 3 1131616111 63 3 r6k0m6ny 1331311333, 33 311131 1316
133631113363, 63 3 1611163133 1863) 31( 1331686633 3361131161.

XVIII. CZIKK. ί

Α3 3161331111311113- 63 111νί1311 133161( 11331633 31311311 33 63311311-3138131·
111166316131163 1311636 113161( 63 3361( 1316313313 3 313311 1(11(6161(1133, 381· 3
113-, 31131 3 111313331361 3113633 16333, 1131333- 63 361863111633161, 1381 1131-
333331ιὶ 11133 36633361661 3133131( 1333331.

Ily haJ'6k mindazon szabadalmakat 63 1(11’31133861(31 168131( 6113331, 313113-
1131 31631 1381( 16161133, 31131 3·unk-0k 63 51331 33131 113161, 31131· 3 138131131111
1(361·3331631·33311 333133131( 113161 61133331( 138)Γ 6113331 1683311.

XIX. CZIKK.

Azon 6rukt6l 11331311 1331, 31311131( 33 63311311-3138131· monarchia 11316111
1163313311 3 313311 kin-613 338113, 3 1133361161( 1131631 333331613331 nagyobb 33111
13336, 63 3 1131116 1313331333 3331131 13131633311133 1381 [16331133 168 11331131-
113131. Ha 3 1131116 3 313311 11331133316131 13133131)1 1131111 313 113336116113 11331
3138 3331 381333313611,131311113363331( 1333 helye 3 33. 63 111336333131331
113311133161163 63 33 61316333 313131 1111313136111163, kik miut6n 3363368 33316-
1133 113363811ὶὸ1( 381 1381( 1(61 1(31·331(366331(, mint sz6k6rt6n6k‚ v6lem6n3‘6t
kik6rt6k 16133, 33 118131 33 1833338 3331131 6631336111 31.

ΑΖ 3111111311 1131631 3333316163 113111311 1 ‘un 1311331633 3133 33 313131331311
minden 161311111 366333161 63 131113113163161 33811133 63 13331311133 3131113131.

113 3131( 1(11·31(31133 31 33111 3631133, 63 11111131 3361131161 3113 1131613 rakattak,
33 61311111( 11331311 38633 3 3111 113333161113366.

,4113131133 31 3331 36611 13163133) 61( 3133 1331 33111 168 33363131.

Eg3sz61· 1131111 3131113 161311111 1331611, 3661( 1381 1311131( 33111 168331( 1613131,
113 3361( 313131 13161( 113331113 3133131( 31.

XX. CZIKK.

A 313311 1313163131161 113161·3-1·31(331(61 1381· 33 31611 33363366 13111 3 13133
333136(1631133 3331611131113 3331131, 3331131111( 11138. Mindon 3333 131113 3331131
111111311 1331 313 131311 czikk 33 38633 3131111 1613113181133 3113633 31111311 1381
3133 366333616όί 111331 1333 611381· 11113613611 313311 Ier1116113ek61, 3131) 31( 3131·
3813331· 31111311 1381 3133 366333 313 163311311, 6 331613-13333 316111381 33

6161ss 38111 33 163 3331611 131113 3331131, 33111 3133 316663 3138366313131- 3331
333 3

113 513311133 131111311 3³6g3‘ 16161133 611 131313133όό czikkek az 331111311 1311-
1311311 3331 16813113133331( 63 33311111 1331- 1381· 311331366333331( 31313113 nem

