70 1869 .· IX. t. cz. Junqholz k6‘zs69nek a bajor vcimrcmdszerhez csatolcisarol.

apostoli 11113131 11015033 3113111101 3113311311113103 32 313313513 30233 3131 13113-
3110 5230313011 05 1113105031, 1131310231011 0113111101133 352110201131111.

7. czikk.

Α2 32311 5231131 32 3111111311 0110533011 31131 31331ῑέ11 [1032011533011 05 13103-
1311 13133311, 3 131331331ὅί 33131011 13303353 11133, 3 cs. kir. 311331111335-
ωΐξὶιιῑξῑιῑιᾷ 31131 111331033011311 303011011311, 3 3133331033 1013 035230331011, 3333
3131031311 13133311 31311351 3131101 3101011131011, 311311331101 3 3111031331113301·
11113131 ν3111111331311102 11111113ηά011.

8. czikk.

133131113335 (6. 3211111) 311311 3111011 5233101331113 30233 3 1133331313205 05

11 1111333305 31331102131353 113311 303 ὃ 35352311 05 apostoli 11113131 Ρ3150303311
1311311 333

9. czikk.

(5 35352311 05 apostoli 11113131 Ρ315033 3 3333110121 3331110123131111310133 1102-
2333131 3203 133331133011350111102, 111313 311 3 Β330101·5233 05 3 1011111 33313331011
3113111011 11021 1101011, 05 O 05352311 05 apostoli 11113131 13315033 1101313333331
11021011 3·· 3313331311 52312000531111311, 32 13131 31013021111353 1101111 333101313 313011
110331053 3201331101,111110110533 pedig:

a) 32 333111 311313 1311013311 3203 3033 11331, 11033· 3 ν3313331311132 1311020
1335 311331 1311113103 31331131 05 1031311102351 11313511313311;

b) 3203 311011 11331, 3131331101 32011, 3 11111 32 333111 3331311 311331 13111131οι1
1131351130051 05 131311 1123011, 3333 31331131 1131353311,1120131 131·1023311;

e) oly 1131351100011-, 333105011- 3333 3135 1331020113311,11111 5233101335011
3333 52013313111111133 3110 11132011 31131 3310131131 3521102013011, 3333 0511311111
11111511 311· 31 1101113311 111330111131,1303131111010531131 11313511011, 52311311 113110051-
1353 11331;

(Ι) 3 33531011 05 501131131111311 1310331353 11331, 1011031311.

10. czikk.

O 05352311 05 apostoli 11113131 1015030, 3 5201133 1330 101010110521 111310103,
³ 110223331111 3203301 3 3331033131 133331 1102011 110205 331111331152310113011 3
0501331052οῑ 011011 05 110150 10333521351 31101113311 0511135011 011031 1110330005010.
1833. 031 11133115 11-011 1101011 3311111311011102.

Ε2311 331111131131 113131023131 3 30103 5231201105 4-111 0211111011οη 1110333332ου
31101113 52131011 101305 11101101111311 311131111323311011.

«1113311111.

Α231011111321111101111311101103111103311331011350111013133 3 33103 5231201105 0131113
1031103οΙ 3 83301015233 05 ,1113311012 11025033 110211 11313103 minden 113- 05
111311011 3110 111335203111 05 113111 05311 311030231135.1111.131·111311·052 05 3 111-
13131 113301 10111131 11021 sog, 0113011111 32 3131111 11030111020 111-111 1321111111οι1 11133-

