1871 .· L. t. cz. Keresk. 03 hajdzdsi szcrz. α chile& kdztcirsasaqqal. 469

311111, 113311 113 01311311311, 32 0111111 11010111 11032 3 13131603053311 53131 113311
11011603 31031131313132011 1131136110 111113331313 1111103 vissza 103 520133113113131,
05 113 3 1313160305011 1133)1 32011 1131361101 3 hely 521303 101011 3013 103303011,
32 013111οι1 1311311 05 311111, 1133)1 32 0111111 11011011 11032, 1131313131 3 3316161051
520311011οῑ1 113163 131311 110133311011, 3 130331111οῃ 021 32 015233 1611103γο1 03-
3011111, 3203 05211311-1333131, vagy 111016103 0111101 0035313311 1033311 1113113131,
1113011 110111Ιο1011οη 3 1131616105 1611031, 05 3 0035111011, 1313160305011 11331· 11311-
11611611 05311 3203, 3 13131303 103131135313 1οι·(11’10111161150301 05 13031051 (1111
1031311 1120131, 13011101 ily 1131616105 0501011οη 1101101111 113163311 15 11011 vala
fizetnie. Vzimfizete‘s 313 3 11113031οι1 1311311 05 311111, 113 1611031105 11020105 313
1101313011, 3013 1033311 11033131, 113 05311 1031352135113 3013 31033011 31, 130111
05011103 32011 113130111131 1033311 1110110131, 1301101101 32 111016 015233 113111161νο-
111-’01 10311013οΙ1.

xvlll. CZIKK.

Η3 32 0311111 311331 331613103162110101103 31136311331 10313 1103110103 3 1335111
101 1111161611)οη 1133)1 113111313 13116131, 50133111οΙ0 113161351 11101011 313, 1301)·
1131311 301103 520601111, 32 111016 0152331133 3013103 11033131, 11111010 3 1ον-,
11313112- vagy egyt'eb 011 1110101101101, 1301Υο11 13333352013011011 31131 1011 520133-
131011 3103131313132353111011111501111, 10110110 1313613, 110311 ily 11316 5031333013ἱί
3131131 101 3013 11052, vagy ki 3013 1311.

Meg sog ilyenkor 0330111οι31, 11031 3 1311133311 110110ῑὸ 311111 1131053135
01110131050 103011 3 1131113 ki vagy 1335 113161113 31131135533311, 1335 3116235011
1101113, 31131 3 11621311131311, 3316311111011011 11010, 11101Υο11 32 311111 13111310235313
05 3 5011111 11316 11113νί135313 52311503011011011, 3031 1033311 1161101011οῑ31.

XIX. czfflh',

A magas szerz6d6 101011 3 11013313111 116211 110105110ᾶο10111 3331101111 1112103-
5333 0201131161 130303γο21οΚ 3111133, 110311 113 3 1116211111 10333116 3313153305
1115203)1 11311311101 5201030501103111 1303 1133)Γ 101110523113633, 03111335 110133131-
3311, 113 3 1131103 13113311, 1131 11633111, 05 113 32 015233 1101501011οῃ 13113311, 03)1
03032 0111 1(16 0330111055οΚ 113γο111 103110205010 05 11331ᾱο31111 1010111 13102110-
(10510, 05 1103)Γ 52311311 130301 36355011 3011111 3 11031161, 110311 1015205311 52011311
1111161611οη 52311335533311 1131613, vagy szabadon villasztott 523132 11103 hagy-
11355311 01 32 01523301. Μ136320331131 3 52012666 101011 3203 1101331313311, 11111
03113135 11111011311133 05 10111101οἰ3 1303101011011110, 1131311101)1 111311 1113011 113311
13351031311102351111 113311 110105οι111( van, 5233365333111133 3113311 011 13313ᾱηί
05 11131112101011101 113311 103131110235111131 3 1101 015233 116211 11313153305 031101-
01105 101305231136353 (1302313 5201301105 52311365331111 05 tulajdonuk 113110111133
0110201011οη solymtni mindaddig‚ 3113 110110503 111501111 3133111131 05 3161110311οΚ-
3011 0330301130511063011ς 11313113οῐ11ἰί 1336 05 13331133 13113111 110613, 103103011
32011 31131· 53131 6112011111 31311, 31131 1101113 3135 5201301101110 113311 32 31133113
1112113, 1010313113131 113311 231 313 11011οῑ31 vagy 1335101110111101113311 116νο10105011-
1101 1110110131 3031 1033311, 13131 3 310111οῐ1 3 301320111011011 11350316 13113113 05
11350316 13131603313 1011313311.

11350316 05011103 313333520310111011 116211 36655331 16101010501, 116231311011
05 1315111311 10521313γοί1 50111 1033311 5031 01110110213131, 5031 231 313 11011οῑ31.

