1869: VII. t. cz. A ndmet vcimeqylettel lecito‘tt ket-ask. (³8 vcimszerzddciS. 29

13311313331311 10310333101333 53331311, 31133 az] 533133 1310 113131135101, 13331135101 35 311135-
31131131013, 31133133333051030511011311 31131 113-1 1131115101, mint 5313133 3 (50130333101 1313133-
331135533311, 3 1335111 31130310311103 133103013311,ι 13311111, 3 3133311333 33011 a 331113313311311
11350310 [3113131311 35 11131311311 31311311 33113- 35 13113313131311 31311353 31131 1131113133 11313133-
033110 meg, mint 3 53131 3113311103 13310- ¹ 1313311.

30113311. 01133311, 11131131 53311311533311133 1333311310
11131311311 3 13333311133335· 35 33101313330- ἱ 135113113-110351111133 131331311111 53333000 131 13-
135331 megengedheto 311330 331330331011 103133- l 31113133 31 3 13351113311 13331313301 111-, vagy oda
1353 31311311. 35311 33 ily 331113331311 1331 1313- ’. 113, 3133110035 331111111113111311, 33 33333131135101,
331311 1310511305 3353331313331 5333311131- 1333110035101 35 31113533135101, mint 53131333
3311 113. 350310333101 ugy 33 035333 0315313333, mint 3

1133113311 310313313511101153331131, 3 herene-1 33133533131133 13331133 3331330011, 3 11133311-
1311 1011311333 035335533313 (11131030 11311131311311 1133 33011 3 331113313311311 35 133331313131131-
331311 nem 53311311 meghnladniok. ἒ 311353 31131 3111131311 33131331313311.

1311331011 3 1333331011 13311131311101 011 03- ¹ A 1033311111 331330313331011 10333310511353
53333131103, 31311311 1031333331 vngy 1103131131 33031133 31101 1311313133131111, 11031 33 3303111311
3 53333000 3113130113311 3811335103ιί vagy 3 1131- 13533113-13333310533011 3 1035113311 33 035333
10101131 1310 05533110113135333 5301331331, 011,“113153]31133 1310 31131330 1313131331, vagy 3 111-
1101 33311 egy igzis 1333113101 35 egy geogr. 111331- ¹ 1333311 3113131331 533131133 333331 35 113110 1110-
101033 egy 3311513333533 (5 kr. 0. 3.) vagy 113-1 1133 3133331133353 13331 1101313331153331 131-
131111 3333311, 1331013111) 3 most 3313311133 31101 1311311.
bsszegekben: 0111133111, 110133011 3333 ὃ5533-« Α 3133311333 3 53333030 131311 3311113 3
get 33111 33111 31, 1331013111) 3333 31011111 3331318 133111333135 131113131311311 mais 3113130111131 33 111
5333331011. Az orszzig 1111133313 3111313110 10333- 1 331111311311331 33310111) 110331113531131 3113311011
101333 131311 1111331011 az 3111111311 03533331311031 10133 meg, 3 103311135311 3 1335111 131131 1310

33 31 3055331103 133313 3 53131 31131111 1331113133 103331031331 15, 3 101350305538 [31131313 13311311,
5303111030 103331031331 13301131 meg nem 1131311- 3111313133351 1311113311.

1181ξῒῗιιζς131131133 33313 nem 3333, 11333111 3 16.
{Regin 33111113111133 1031311 331330331011 3313-

16. czikk.

Vaspzilyzikon‚ 3 533111113331011 11131333, 13011-
]333 35 33333 1033111030133 3 11135111 131 31311-
13101 35 330113311 3331, 1131353113 11301330 113-Ι
3353100 313 nem 131313313311, 31131 3 53]·31
31311131011 35 330113311 3331.

Α 11135111 3113031013 133313ῑὸ301 ki- vagy 0113
1031330 31533111135011331 381111 3113331013 31131
sem 5330331011 1333353111) 1351131131 [uvat-isse-
1311311 33011331, 13311311 313 3111333303 135113-
1133 3 53131 1331113133 131- 35 1331111011 33311
33331133 353311.

17. czikk.

A szerz6d6 131311 3303 13533311, hogy 1331113-
131111133 3 135311 333533111135 33 egy 1131133
055331313111030 11311311 110311 1103131133 513053-
533110113135311 31031111353 31131 35 3 53311110 esz-
kfizbknek egyik 1131131·οΙ 3 1113511133 31111313
31131 1311310133 1333110331111355311.

’1011111113 011, 1101 331335331311133 1103131133
51305533110113135311 131333311 35 3 53311110 353110-
3011 3111133313 103133111, 3303 3331131, 31311311
53311311533311138 1333311310 1035111333 1111313311
113, 35 3313113303 1103511103 33 035333 11315313-
1133 011 1131133 53311111313311, 1101 33 31131333533
1080511011 viam- vagy 3003113131 13133111, 3 113131·-

18. czikk.

A 533330ᾱό 131311 3131113101 113335113ᾱό5 35
ipat· 313311333353 35 1011131353, 1313111131 3 1133-
133110 311033 33313 3 113353310113111131 3311031113
11333531001133 335335313311. Α 3103153331331 113-
13133 35 3 1331103-1113333 3333 331330313331
nem 311131313311310.

113 33 331111 131 3131113101 1353301131 35 50113-
(1311331131 1111335113ᾱρ5 1011131353 35 53131 131·-
133531133313111 1331 1113311113313111 3130353 13-
3311 13108313311, 3111333303 1133353103 313 353311,
111131 3 53131 3131113101.

113335113ᾱό1, 1113305011 35 11135 1333113011, kik
ki 13111311 13313131, hogy 3303 3113311133, 13311-
ben 13113311, az 31131311 31311031011 1131313133 3
1113133135 31101 11331111, 113 31133 533313113533,
31131· 5301331313111133 3110 3133011 311311353313-
501131 13533311, 1331 magokkal viu 1113513311
13311311 13333330313531131 1133353311, 3 11135111 131
1331113133 33331 5313333313ἰί 10131131 11131311311
1133135333 nem kbtelezhelfik.

A 53333030 131311 311111133311 3131113101, kik
1111Ιό311030 3113111011 1131131 11031 1313303351, ,
131111331- vagy 1011331-113103351 1133311, 3333
1333331313313 11135111 131 1331113133 ipat-add 313
nem 1311131011.

19. czikk.

Az 331111 313313101053 35 Jegygyel 31131353
(Etiqueuirung) vagy 1130113311 350313301353 13-
111313131133 3 53333000 131311 131333311133311

