1871 .· LIII. t. cz. Urbdri viszonyok rmzdezffserffl. 489

31, 113111 331131( 11111311 1311113333 313, 113113111 3 volt 3111313331( 1013111003ν3
13111311.

A mennyiben ilyen erd6kben 138)Γ 31113133331(11311 egyedii} 0331( 3 volt
sdldeslir 11331131 1381· 033131131 1333313 volt semar-tva 311131 vagy 13831131331
113330313131, 33 3 volt 3111313331( 111131110ῃί 10831 113111 3301110113, 3301111311 3
13111311011 1313331 vagy 13831131331 11333011131311131( 111381313Ιό 311161333 3 volt
sdldesnrnak kiadand6.

7145. Egyfib 333131(11311 33 11111311 131333 33 11131(1(0113133 [31311311 3 volt
3111313331(1131(1310 311161113111131111 13333113331131 3 1(ὂ1’311(33ὀ 31131( 1311331101(
333111 31311ε

1. Α3011 10110381-11331131138333131311131(1331111311ᾱό, 3 1113111133 33 1819130.
3111311 3331(ὂ31ὃ11 01333803 1133331133 33311111 33 3133 0331313111 1(ὂ333811311 138-
3131111 1131 110111, 1113301111( 0331311111 1(ὃ333811311’1383131111 9 110111, 3 113111131111( 33
1138131111( 03313113 1333381131] 1131118 1383131111 11 110111 11111311 111Ιά 131103111,
110111131 mindeniitt 1600 1138)*3308111131 3331111113.

2. Erdfiinetmenyfil egy 38333 13131( 333111313 3811 33 131 1101111131 3331131131111
33 1131 1101111131 1138101111 31113131· —- 110111131 1600 1138)·33ὂ8ὃ1131 3331111113 -
13111133311111 113111 3331131113111( 1(1.

3. Ha 3301111311 3 helyviszonyokhoz kfipest 33311 11131131( 111311311 33 1848.
3νί 13111131 1-18 31333311 1011311133 1133301113131 ki 113111 1(31111113; 33 38)1 38333
13131( 111311 1310 31113111311113ηγ 1(11’31311(3ρ311 10131133 (1600 1138)*33080133)
11011113 13131113111316.

4. Viszont 3 bola 1011111113133 31131 1848. 311 13111131 1-18 31333311 311131
113330313131 01)1 33311311* volt, 1108)Υ 3111131( 101)13133313 38)ν 33 131 11011111γὶ 311Ιό-
131 113111 1(11·31113111(; 011 33 3111311131111311)1 egy-egy 3833313131( 111311 3 2. pont-
11311 111383113ρ11011 111111111111111011 31111 13 13333111111310.

5. Azon volt 3111313331, 3 1(11( 33 11111311 1011131031( 33 1. pont-ban 3111111311
31138111311111133831131 1111111311-381 1131333111131 11111131(, 1111133 1111101(111(1131( 33311
311381103 111311 3131113 33311111 kiszaband6 3111313331 kapnak.

6. Μ1111133011 voit 11111313331(1131(, 3 1(11( 1311311338 11311311 3331( 113331 33 113136
’1111101(01 bit-{ak² egy nyolczadre'esze 131· 33011 3111311131111311311311, 3 mely ugyan-
33011 1033381133 38)( 38333 13131( 111311 108 1113831131111131111. Η3 1131118 33 113111
13131113 11138 33 1848. 13111131 1-13 31311 31133311 311131 11333οη131311131(, 13173131-
1(3ρ311 33 1113131331( 131 13 31113111313, 3301111311 33 33 egy 3833313131( 111311 11138-
31131111011 11131111111111101 1111 113111 1131311113113.

72. g. Egyfib tekintetben 33 3111311131111311)’ 1(13331133313 1133113 3 131311 101-
ν3ηγ 27„ 529„ 31„ 32. 33 33. 3331333311131( 113131033131 33 013338 31113 133331-
·11311 13 1133131101, 33011 Ι(111111111338831; 1108)( 3 119. 333133311311 1200 [1313131
133831131111011 22 110111, Erde'elyben 1600 Ι]01131 33311111311110 16112 11011113
3331111311ᾱο 13.

Ε) Νάιίίάεί 111133011113131311.

73. g. A 113111331 113330111313131( 13813833 1331133333 13130131311311 3 131311
1111113111 34—37. szakaszai 33 013338 33311 13333113 113313 13 113111311011.

F) Leqeld-elkiimn07113.

745. Az 38)·11313111311, 1848. 31118 1313113311 1133311311 033333 8γ3ρ1383131( 33
Ι(113111 311131 1383131( 3 volt sdldesurak 3 3 volt jobbz'tgyok kbzt 13103313311011.

