1871 .· XXX VI. t. cz. Consulsciyi eqyezmcirey az quesalt-Allamokkal. 397·

2. Ηο3113111 03 320111101111111 0132333 13110331 11021 1011101011 13131103303111 3301-μ
2011031 01111133101131, 013233311 1011031011102 03 32311311311102 110ρο31 0110331131
03 1111010311031.

chonsulok, 003331011, 310033111011, 11331* consuli iigyniikbk 31131 110110103
1111010311011 03 1111313103 [1003010311οΙ 01131011 11103 3201301103οΚ 3 03101) 011313-
nyok 03 011313311111330131011 3 101103132011011 01011 11110103 011313311011 3 111010103·
11110103 31330131011110111 1033311 011033013131 03 1131333203 010101 03 011031103-
303301111131, mintha egyik vagy 11133111 013233 1110101103 11021132111301010 31131,
311111311311 10133 111.

Α 1101101 1000333131, 00333131, 3100333131 03 0033311 1131301101 33131 013233311
3310333311.οΙ 11331* 1132111130101101 3231111320 331131303111 0133331011 1010113331
03 11110103110301 032110201301111,0311103 0111131011 3203 0132331133, 3 1110111103
32011013011, 3313113203 010101 03 3313111131 11113311, 13131113 101031101οῑ1 tolmai--
03011 31131 11032111011011 10133.

Χ. CZlKK.

Α 100011331011, 003331011, 31003331011 1331 00113311 113130110113011 3231131133-4
331133 311, 1103113111 11310111, 1111110111. 320113311 3 323132101111101 1310 11021οΚ01Ιο3
310303300101011, 31131 3203101103οῃ 3103101οη31, 31131 0113 1101γο11031 1111111031,
3 1133113311 03 10303130301 1111131133131, 3 11310 0133331311 3103112333131, 313331-
101, 1031101101030 1101101·οΙ 03 32 31 0301101101 32010 1010310301101 31110331, 3
1311011133,νί 1031201101 (1333110313) 11131111331 03 3 11310 011311313331 01013021111331,
10310 32111010 11331133101131031030311303οῑ 32 013233 1111033331 03 11021332-
331331 1131033331 010 11130131 03 111131103303111 1121010111 11331 1131103-113103 1101-
331111133 10113303 1331 113111νο3031 320133131.

Α 1011103132011011 03 3 131311113131 1132111301οἰ 11010311011011111 1131011 31031123·
3313331102 1331ν 311131313331102 110111 1033313311, 111101οῑ1 3 11310 303120103011
003311111131033331 11103101011110103 103011 311·οΙ 01010303011 13110313311311 νο1113..

52131331 110110103 0110311030011 3 0011331011, 310033111011 11331 0033311 {igy-
3011011, 110311 101011 101103303011 3 113311331011 1331 3 1030313031102 1311020
03103011 31131 31011103132011011 113311 11011111021332331331 3310333011 010111003110
311131110231011331 03131γ 01010 1101033011 minden 101011033οΙ1 1131 31133113 11133113-
132313311, nuely 32 1332333 1101103 11132013311313331 1131331131113133.

Α 0033310111102, 310033310111102 11331* 0033311 113130110111102 1310203110 03102.
0110311030111103 3 13031010303 01313 30310333 1111003110 03 113 02011 3203101103οη
111031010331 vagy 110311301011111 31131 11133111131 1101110110311101111 0111131332133311,
32 0113133 11110110111111103 13 103333103111-31111.

xl. CZIKK.

Mindegyik 30111201 110103110110 1131013 3 110130 10311 1031311333 1112310133 32.
111010 003331011, 3100113111011 11331ν 0033311 0313011011 1132101103 311. 0331113 02011-
3011 van 101131 103311 3 1131111331011, 3 113101 11321101 03 3 1113031303 1102011 31131
3 3111 10330103, 31131 3 1111101011οη 13313111 minden 3 30132010310 03 3 1101030-
30303 11311311 11010102011303011 1011031103010 1033111020 1132311011 10101 313-
33113311 0110301031 32010231 03 3201131 33131 013233311 1011031101 3201131 ki-vv
0 ’03111031

&a helybeli 11310333011 03311 01)] 030101111οῃ 101111013οΙ1 1102110, 113 3 113103 101-
1031 10311011011303011 011303111οΙ1, 11031 3 csend 03 11021οῃ11 3 32313203 11331Γ a„

