1871 .· XIV. t. cz. Az epmy'es-tarnowi vasum-ol.

vel, vagJ· 11135 1))66011 3 13113131 11133161161135311

3131011311, 11310111510105 3151136351 illelmi-ny
1351 3133136316.

1113 ,Az 3333631335 3030511111 1·,3ιι 3 1101·
mainy 631333131351131 135135311613 131131311101.
1315311111 15 1311111, 11111 1313 303011·1’»5 1161313-
zeus 3331111311 3333111631) 135 5.135ι’111)311 (1)

17.3 ..1033 1311 33351315131116 31 311318163-
13353311,135113331315353301 313111131ιί,

 

115

267

513313635011 1))3331616 1115331313 111311, 31011
63331131353161 51313113366 1131011) 11613 [og
1013613 13131111. - Azon 353113, 113 31311
631011) 116333) 31311 3 6333331011 5131113635οΚ
1115331313 63 113111 1333113111311,31311131311 ρόῑ·
131113 113113 3 1115331111 6313331111 111311 11113311·

ἦ 1353311 van 113133.

A 1111135131 131363101131131 3 133311 13511333·-
1161131)3···513113113311 63131135313 3 3613631131

5161153335 313111 6351311353 omnimo! 113113 JsagJ 316513311135 313313 31) 11311 3531) megziuapitou

31611111131613 51616 (311 30113111) 1‘6szv6nJek61
11333 3156665331 11611311331131 6035313111 111, 1113·
13311 3 magJar-osztraik' 6s 1111116161 1615631131)
3131115111131611 35 611313105311 3333311131611.

Az 3156665331 116113113311 11111163101131131 35311
013· 655133 3133313 13513311 1116035311131611, 111313·-
11311 1131113101131353 3 61110511011 115113 3613113,-
1311111311 1331613611 631013616631 13311311.

Α 13153513 31 3333631335 minden 303311 35
11613131311533311 6161111, 31365136313311 1311311,
111313·3111)311 6313633113333531, 35 az 015133

 

 

 

51111151 3131 3111113631) az 6Ji 5131113635 011 31331·

331) 1313131166 1351331113501131 131113111·“ 31), 31613·

335 1351131-111313531131 15 133116, 113 az 3113363·

31335 3 1333131 31611 631 1131131 az 113111 10133·

11106111 10 1.
113 az 6113131· 13101313131 1331135666311 1131011)

, 116 31311 1311313351131166 (wi sz61nad6s J'6g16ges
ι 31333113311353 11131) 1116316133, 11033· 31. 3161333·

135311 11311313331 [3333536613 5136311311 az
enged6lJ6s 3 1111311 166613131 3 3135 511 11310111
1333333066 3)(»111111131311131 3 1331116661 161133)

31631131 5131)) 31611 1311353131 3 13153533331 613 1311113116 135131111101351 11331311363311 11133·
333313116133 351116113366 11133351113531 - 3 131316 1131331311313331111 31011331 115513131113111

1101111333· 1333311311 1311131131.
F61J66nd6 11» <z az alapszab6¹J0kha 31. 15,

laraeazzhlam r6sz6r6l 131335113366 1161135 irinati

11033 3 13153131 11613135; 3 1336311131351 zina- 133113 31011631) 3111113131 13101313161 51311ιί1011

[1016311 1316 31131111 61131311101101131 351115101-
3311-1133 1311635 1136531336311, 1111111 hon-
1365331 311151131131 3 111333316311 31011 3
51111151 3311 1133135533331 61111311, 5 3 161311113366
5101331311 131111 11311311313311 133313131113111311, 3
5101331311 311011135011 63161113531131 11135011 31611
1133·31311163 1311111(υ

18. g. Az 31)3361’»13·3511311 5136365333631) 311,
631· 65 111111616611 6331161161131 13113111, 113111116-
1611631) 513111313- 35· 31351311113513 vizen 1133·
1111111 51313101), 3 1311113116 1611333311 35 513613-
113·011 1133313111631) 1311353131, 1013311111 351116-
161131 3111131ιί 13.1

193 ,A 33133133131135 1161153331 az 6pit6si
alapb6! 13631336611, 35 1313636613 az 611311
51313363563 131 nem vehet6k‚ mig az 655135
6pitkez6s6k 3 1101313113( 311111 1616111115331131131),
a felfflvizsginnti Jegyzfikfinyv 3136331) 631333131-
131111311 31 113111 1531311313311.

Az 111131 31333311353161 1131613 3 [3161111533-
131 111331611331313 az 6pit6si 51311113 13111313
1315133111011 31313313111311351 11611533311 az 611311
1111163563 3161330531) 131131131611, 11111163101131131
3531115 3 3131311 5136313513111 (normal) 311331013-
11311 1333131316, a 13111111153316 6110115113 31131
11)(»3311361131166 5 3 110111133311311 631363111133335
133311 3161313351131166 3131136311.

A 131111111533131 31011331 10333310511131111,
minem 31 3333631335 1131311111».ῑί.

20. ξ. Az 311311) 31131 az 3333631331311
1111511113 113113 3111111311 6111051135 10131311 3531-
133 1113131166 31611311, az okmainyilag 1331011 6J·i

11) v. ὃ. 35. §-

133131166 333 3131311 1311135 1131166, 3113311316-
35 <61666 616nJ6 51111.

21. ξ.Α1 655133, 1113133131 3113111 az 31ν31·
1311 6111051135 1013131) Γ131, 3333661 mint egy
3135111331 4 5131313111131 1131631016 316133 11313·
31) 6.

Η3 az 33336313·31,311 13531 115113 3613631133 a
61110511011 6vi 65513331 31336313633, az 111316
13135133 [31313513 3 13133511311 316133311 35 1131113·
1011 1310135313, 1113113311 1313351611351135313, 3
1101313333311 1110111131 3136113116.

Az el6legek 133311 1131113131 1113333311135311311
1113333311 az 3161333311 115513111313531 meg 11311
31611113.

Az 3113313311 01331) 316133 1333· 1133131011
1131111 116131313531, 31313311 az enged6ly 11133·
5111111313 11133 115513 113111 131111311311, 3 1131111131
1)]3313113111011 1333033661 13513311 111333311-
1113116611.

923 ‚A 1101133113 3101) 311313316311311 meg-
6135 3 1311131313661, ’1111113311 3 6111051135 3113113·
1353661 113131113111311, 3031151113 131) 1333311311 -
1133· 3 33133 33111353, 1313111131 az 111131 3131513·
11131) 35· 5111316311 3511161611 131513131353 35 soly-
101105 36 1131631) 1311353 113111, - minden 1351,-
631) 11133336166351 5131313135 1113363331ιί, 110331
3 1111113111016 1113113011 361011355311311.

A 110111)3113·11311 3033 van, 3 13513161 11111111·
6611 116133 31131 az figyJ-iten 111331115331111.

Α 1101313113· 31131 11111616611 6111053311 30336311
311, az 13313316 11313511313113· 61353631), 1313·
mint 3 116133111353116311 13511 venui, nem 11111611·

