1871 .· XVII. t. cz. Vasuti dsszekb'ttetds Ausztria 33 Szdszorsqu kdzt. 275

O Ρ313383 82332313238 11113113, 11316 Friesen Richardot, 11332- 33 1111111811
31131313131313131, 3 11113 1131333161 3211112311 11321-13311 13138131, 32 3133311333
3381113133213331, 3 33. 33 1111. 33211311 1331131333-13311 3136 33213113 13138131,
3 33. 33 1111. 33211311 Ρ313332-162331-13311 3381113133213331 3111.,

11111 113116 313111133 131311 31381131313132333111 1161336363 11621333 3133, 138131-
361111 1613338133 1331311333 13311311, 3 11613111326 32111113111133 3113113111311 meg:

1. CZIKK.

· (3331133133 33 Α33311318 1162611 Weiperten 31 1331111 63323116113133 138 1313-
31113131.

11. CZIKK.

Ezen 1131133311 33311 1311113113 336 133231, 3 32311311313132311 Busohtieradi
1313333813813 31111331, 3 32332 1311113133 1316 1332 31111333 1131118, 138)1 381
3233 113113 3111133313, 1338 113116 11161133 31311113366 13133131 31131, 138)1 1131118
31613833 3111311333133 1613338133 11133, 32 3113111 1161133833 138 33211626113131.

111. CZIKK.

A 32332 11113111 11313133)1 116131321 133831 32 3 323113 31311313336 131331313311
3 32111133833 3383113111 1113831131, 33 333311 32 3111133 11313823331 1871-111 31
julius 116 1-18 11613133338313 13331; 3113311326 33311133 32331133 3233 13323311
32 313238 113131318 3113311161133833 1333116 1113ρί13331 3 138116231311111313238-
8γϋ133331 13133131113 113231, 33 3233 333113, 113 32 3111313133133 1613338133
13383331111, 32 31111331 1311316138 31613321111331.

IV. CZIKK.
Ezen 13331 113131113113-3111313 Weipert 13311311 138 1313111113131.

V. CZIKK.

Azon 333113, 113 13113111326 1313111323311, 111 3 3113133112-3333113181 311313133-
pzilya valamely 1133113161 0111313333 138)1 Μ311331131833 31 3 3313133133-
weiperti 13331 333113113233318 13311131 31111331 11113333, 33 3113 3 32332 1111.
1131133311όί 32 33 3113111 3138313133, 1381 1131118, 113 38)1 ily 1131133311 3113111-
1161133833 31111333 3131321313311 31 3 32332 1111. 11311333)1 31131, 3 33. 1111. 1131·-
111133)1 32311 133111 1313311333, 33 31111311 3 3313313133-1131113111 133311311 333113-
1132333 311311 113111 33311 11381 3331131 3113113111 33111 138 8611111331, 11333111 1613-
113331 138 321 3161332311331 3233 1333131133331, hogy az 33111132331 3383113Ιῖ
33211311 1311113133 3 32332 1111. 1131133313311 1381 38)1 32332 131331313311 333

«311233133311133 13833 3138333131, 113 3 323113 33211311 13113111326 nem 13131-
3233 .

vl. CZIKK.

Τ313111131311316138161111311111116 31311 133311 63323116113133 138 131331113131,
(11332-83116333 11621 381133216133 Warnsdorf 11621 13331332161, 3 11313132311
φὲἰγ33ἀ131 32 11161111 33132311 1131133 138133 1313111113131.

18*

