1871 .· X VIII. t. cz. A kiizsdqek rendezeisdffil.

hagt 1113111113311331011331 1311313111, 35 1331311311-
3 0. ’

283

A 133115316135111131 13131353333 3 13135316 116-
3113533 1313531011311161, 113503 13131353333 1131113

27. §- A 163533 minden 5313111135 3313103313 3 1331111111 3313335 3113313661113316 163533113105
31133 az 31631131131 3 53311311533111 1131163135- 1331 111110105 33311013 11031101331011161 311.

161, 111316133 133335113516115 3311 31311 3 161-
133133165331103, 35 011333 111 3311 313113 11311131-
1313151311133 10113130111131331.

An, 11031 3 1131310331 35311 1111101103 1111111
161311113311316, 1311331133 3 3313103311133 13131113
1111330533 ki 11311 1313331.

E 33131131 3133131133 3 1131310331 1111101103
1131111 13133333131113111.(2)

28. ἓ. Α 161133111316533 3 26. ξ-1133 316-
501011, 1331 3 27. ξ. 3113333333 13133333311
11313133 111111 35311 3303 35311133 3131103331111
3 163533 3313313133, 113 1633331313531 1331
5333113113333 3 11113533 13311531313 1311 ki 35
13531 13331113.

1311331336 35311133 3 1163533 3 10113331331
1131351131 0110511151.

29. ξ. Α 1163533 53333111331131313 3 11111331-
3131, 3 10113331 35 16113313316533 3313111133
1316 5333311133113131311313313 3113313333111; 3
1611331113165331103 3303331 1611311353133116, 35
35311 333311 3111131105 1331 3311331613305 1613-
11331353 3133 33113133111 13313.(3)

30. ᾗ. 011311 5333311133113131, 13311 3 29. ξ.
133631313113 1111111311, 3 1111133111316533 31131
1333531313151133116.

113 316113313316533 3 13113113531351 161316
133163313311116331111351133 3331 311131103011, 3
5333311133113131 33111133113310113311 1311313111.

A 16113313316533 313353311315116 3313103313
3 3313313113151311133 131311113311316.

31. ξ. Ε313531, 3 5111311335 533331113311313131
1333131103131353311 3 1635331133, 5 3 1163533331
3 1313111113 1103011 5313113115 11313103313 31133 3
161133133165331103, 5 0311313 1131113131111151311133
1011331063313311.

32. ἓ. Α 161133133165331131 5 1113131135 1633-
3313311 33 31133115 311111331113165331 1163133333-
13513 103311036 13363131311 3 1163533 1113 35
1131310331 13131313 3313 1311311 5 16113113331
1331311311331 1613135.

33. ξ. Α 1331133311 13333511 13105011, 11113131-
{enfil 35 1113316133 33 31151133, 115 35 3331 1113-
53331 3 131351 (5331353) 11531115316533 111133
135311 3 161133111316533 13363131311, 5 333113
103311036133 3 16113313316533331, 3333 11316-
5331 16333311 31133, 311311333311.

IV. FEJEZET.
Α kb'zse'yi kefpviseletrdl.

35. ξ. Α 1313531115 313 nem 356 13111153161
331133133113 minden 311133 1113331113111.

A 11133311351, 33 31161131313135 31311133, 115
35 3331 16353331333 3 5301333116, 1331133311
13333511 13105011133 331 1316611533 35316311,
1331131 3 133115316135111131 1313531.

A 1316611533 3 1111113611 35 kihirdetett 113110-
1103 31111330533 131113 11135311, 5 31131353161 3
133115316135111131331 1311011011 1313111351 1353.

A 3311331331 35 50113311 313331131111353331
3531 3 1635331133 35 1311113133 13116 133103, 5
3 1635331133 5 1311113133 31133311 1613331313
1155335 3313335 31131336613, 5 3 1635331133 1133-
1311 ἰ331331135 13135311 3116 13131111 533131135113 ;
1013 bai:

33 3113131, 1313133311 35 133333-1331313331311
1333131, 3331331161, 3 11111οω33105 31131133ιί31
133131, 3 1011611111- 3513353311353161, 3 1311353311,
az 11131- 35 1313513631311 13133131 1131- 35 11111-
133131, 3315313133 3 3133131 3113131133 31133135
0113131131 31131011 1111101011, 1131131131, 0110501,
3131361161, 31631533135331, 5311353311, 113313-
5301, 311135331- 35 333331153131331 1155335 3313-
335 31131336613 13153313533 5331311131111.

A 1311 1331 3113 31131336613113 3 36, 1131331131
11511013 3131313131 3113313361315 33533ω113366,
113 3 363311 1331 3 1115110111 31313131313311 13-
310331 133311.

3111163 1311311 1331 16111133 11331331 113503-
313331153311 3113133661, 3331 1631111 3 5015113335
11ὃ31; 1311163 1131113 3333 3531 01133 3313331
11631 sordui 316, 1111 163111 33 33111 33153313533,
3 313511 1131113 13153313533 5331311011 3113313116
1011133 1111113133 3 1311115316-135111131113 ε az
31611111 1111 31563353333Ι.(4)

36. ἓ.. A 3311331331113 nem 1313133111 sel:

a) 3 11 1313111311 11331331 311311 311331353131-
131011, 3 31313531316 113131113111131353161, 3 11113-
13135 33353 13113313 31311;

ὁ) 3 11 3 1163533 1631313113113311 33530333111,
ἶ331ἐ1111(ὲ1)63533331 1335 5331366351 1153031-

33 ;
1.,ἒᾶἒιέἒέδξὲἓῗὸἑῗέᾶὲεἔὲιῖἕξῖῥέἒιὲἓηῗέἶωιῖῗέιὲἰ
335 3110133311133 3116 1103131131ς ·

d) 3113111135 1333131 115311153161, 113 1133135311
3133 1316 1613631311 31163 1111111 3135 31161 3 163-
5331133 nem 11331331.

37. ξ. A 1635331 1331153161 53311131 3 331135-

seg 533313 53333110333, 1. 1. minden 100 131311

34. ξ. A 1163533 33 6310113331331 10331 11133 331 1311115316 131353131111.

1311115316 1351111313 31131 3131010113. ,

A 1313531011 35 nem 1313531011 1331153161

(1) V. ὃ. 28„ 103. ἓξ. ‹3› V. 6. 30. ξ.
(2) V. 27. ξ. 14) V. ὃ. 47. ἓ.
15) V. ὃ. 3 13335331161 536Ιό 1883; XX. t. cz. 3. ξ-33311 1131313ἀί11 1131111ιά3531.

