22 1869 .· VJ. t. cz. Az Ι. mctyyar-qdcsorsqui vasuh-dl.

1110137,- 331gy n6g3k6rek1'i 1116zg6 110513303511113 13111113-1113311313533331 1161331111 1111Ιὸ3 311133-
ingyen 3111133303 35 133131133111111. 313111, 35 35311 33 33 31131 3113 adon engedffly

Α 1105133333135 53313313 minden, 31 korm6n3' 6rt6lm6ben t6rt6nhetik.
31131 37. 3333331133311 1033103 3113111133ᾶὸ A 113113 1333133 33 311313105310110111·3 311151-
11131 131- 35 1113111151 311031350303,13311311311 1311 13111· 33311 3313 1616666 3 11111133 3333113
3 [13113-311111311133 3111313135 [1051311033 ing36n 31111311 1351113313ιί 13111331333131131131 33 31133-
31111311311113 31. A 361131131k 113131113- 131313 111311 ι 1131135311, 33 311313 5303011 311336131111353 31311,
331311 101311111313131311116 5333533131311 11131333. 3133101311 35311 3303 5111116313353313 11353331-
1353 13313131111131 31111111 6g3‘6zm6n3· [og 13113- 3311311, 31311311 3 1351111 113131 331111311ιό1 az 1333-
11033131. ,1131115311 35 3131333311 k6z6gei 13111· 33 3130111311

Κό131331313311 1013111111 33 331131131135311 3 31131 3313135 31531 10111311313311..10305111·3 vall
1105133113131301103 13111 53011133 1115313111 33111111 33031133 3 1101313311, 3 [13113133311311153111131
3113311011 110513111111133133131131 -— 33 31133-3111- 1 3111 3131113 3733 1131311 1·33313113113311,3 31331·
66m6n36k kiv6t6l3'36l -— 33 1113ιό 3110133513 111113 33 fizueti saihs-63:¹63 m6g66g6di‚ ugy
1111133313533 5331111331 35 11131131. 3113131, 131111 1331133- -5ῡ111ὃ111ὂ11 1013301135313 11Ιό

ι3131333533, 3131131131 3 135311111111131 131·- 3113361335 3131131ιί 335333135313113331 35 31-
11131133 33 igazgatosaig 35 31313311311 31133331 1331111131,

13111· 33 3101111133 31113135 111331 1011·1313311,117. Ez 35311133 33031133 3 1135333131 31111113 6s 3
inem 1131131011310303, 3 11311311113331 unuani-,mximas 1111311311 33 33113113113533 5 az 311331-
301131 31131 1111133313533 5331111131113131111.131·11·11311101·133111·11ὃ7.11133110531353 11111113 311133-

123117. 3333331135311 1161313533 33 311331- 13331· 31131 sog 5331131103131111. 1135031033 11111-
1101313111 3111331131 33 31133113111113- 1333133311- cs6n6s 3313313331· 1111311 31130111313311 meg 3303
3311 [1311311111 3055331133 53131 3111033303 3²>- Ι1311313133 15, 31311311 31311 3 13511111313111333-
13131311111ὃ3 13101313111111531 131113113131133331131. 1311311 1313033531, 3315713133 3303 311 3131331

Α 13111113-111331131115311 33031133 31113135 3131331111531131 15, 13311311 3 11353 1333131133111
131111111-0531011011 13131111351 1131131333, 13133ιί31Ι 3311133 13113531 1133311331111111133111111 33 311331
3 1333ιό 13133103 1335 313113111511351 110311313311 13311313 13113113.

31333113011353331, 33 3333331135311 megbizou- 113 3 1351131131111135 531 1351111353 13111 3135
j6i331! 6g3616rt6163: 1311ιί 31 5 3331131 u-3 1111353- 1131113 1310131313,13,111 33 eng6d613666k 1131131-
1331,110111·3331113131153 3 135111133131, 53 33113- 13311111 31113113, 3 3131· m6gl336 13111113-133313-
13115333111133111131035333 33 1353311331355311.111113311 3131033113531 5 3111511013 3111311333531

’10133113 1161313533 33 3333331135311 3 11311 31- 13333 53111153113553, 3111101· ug3· 31 53131, mim 37.
1113 31311133 [3131111011 13111113-133313531131 53131 311311ιί 1333131133 311313133311 1155335 3611533311
sz6m6l3·z3=16k 11111 minden dij 33111111 611313ῑηί 1 37. 3333331135311 3131313533 1153131.

3 kisebbszerii 13311103113501131 1313111111 1113111- 1 13 ξ. A 11131- 35 1111311131311 113111 11313103·
1333533 113111331111131111, 33 3 131113 5311353335 131111,110111 37. 31133ιί 3331311117105113511331113-
3533ὃ3ὂ331 33031133 3 1111111131 133313135311101. 1313133311 311353 111313 31311 3303 1331133131033-
11311133. 15313 3 30131331· 11ὃιι1ὄ 1131011351 1113110113311,

Az 311313 1153031 31113135 33 3333331135311η 3303 31331331335531 33031133, 110111· 3 366!- 6s
3311 minden 33311 13111 311Ιὸ3 (1111133135 33111111 101311131311 135331111353 3331 13113111131111331-
31311331131131, 110111· 1131311 13111331 3333131331 3 111113, 110111· 37, 31131 3 113113 1131311 513111311351
113113 3055331133 131333, 13111· 3303 1313111133311. 111111531133311 1311331153 1353311331355311.

3113311 1111111131 13331311 (1531033113 3133313513, Azon 16611611116! 11331113 11311111, n1id6n 33
11355311ς 33031133, 1313311111 3 1111331033311, 11111. 331131131135311 37, 3113311133131-1113105111151 11511113.
3 mogon-6511& m6dj6631k 5 33 3113113533311 13331113 11331 13331113. 33 31311 351111311131311
3533ὂ3ὃ3333 33 3113311311111311331 3 13111313111311 13133131353 35311 3 1101111331· 31113335 1131331113-
1111·0’ 133115731113 13113533 0311163333 11311 133-1 3353131 11111331131111. A 313331111311 131113 1135311111
31311,.5· 33311 3 1351111 1131311 13331311333311 33 1111133133313511133 313331- 35· 111311131311 533-
31133105310110111107, 13111 3111511353,1331 35311 1131103333, 33011 111113313113333331131131133311
3113131 5331131115 1111313 [3133131313 5 31113017153 11311313 15 13113533 311331 11311 13533311.
3131131111111331131111 13111· 11311111 331 313113 31 131- 1 Vh} Az 33111·’“1111135333311 3133333311131111,
111131 3011311111· 11311113113 131113 ; 1313111131 ‹nem-3 6663 3 5333331113 11131- 35· 111131111131131 1131131111
ben 11111· 3 13331311 533131 11353313353111·3, 31131· 33351113331133 5333111533 0111131133. 110111 33 31·-
3 313331651135333 35· 13133131313311 131135 111113. 113131 1311111131113131313131 13111 1113131131 01533305
5311311 37, 33331131135311 1101303333. 3113111133 131103333311 3110113331.

[11131137. 311 3303 353113 15, 113 33 3113131 Az 1115331135· 315333111353 0153111105 31131113
3 113113 3055331133 3113311 13111-113 13331311131-3301313111 31133013351· 31311311, 33 33113331135111
1111113531 3331 1311333 5311115 31151133 3533110111 313113311535 6 331„ 3 31 1101311131 13111111113335 53
31111111· 37. 1131311 13731113 13111111151311111111111111 1011133,110113111111·111133111·3, 31 k6z3611611 mult
3111153111· 37. 31111111311151Η1111 101113 1111131111. 137. 1111113Ιί 1111..0131151-31··11311153311111 1011 3531111-
1111111111 35311133 3301111311 3 13331311 1111·1111ι’·53.3ϋ213131.

 

 

 

 

 

