264 1871 .· XI V. t. ez. Az epety’es-tarnowi vasum-dl.

ideiglen elfogadon vasuti 113131133111133 3111111- sinuit 53331313 113531133ᾱό, 3 13113131 1115313111353
addig alkalmazkodni‚ mig 33311 1331313335 533- 31133333 11131 31051 331111 1311033113 1311353-
11311011 11311311 3 113331 113111331110335 31131 110- 1311116 ki, 3 1113111111 3111 1131310133 5131111103 35
33111113 1113111) 113113111311 35 a 1101111331 311311 3 1111311311ὴό3, 1131111111Ιό311311 33 3110313501113
3130153133ᾱὸ 13333111331311 3131113 nem 1311113131 megkivzintatik. Α 1335011111 vai-gimpa 5331153335
1113113111133, 1313111131 33 33011 33110331313111 3ξ 113111131313111311 11153131113531131 313116 111311533-
1311331Ιό 53311311011011 3 11133131 1101313111 31131 1111111131 13333353 1131111 11311135 33 3111131131135311
13331113 minden 131103131350111103 15 3111311333- 35 3 110131331 111331 11111311όό 11131133 3313331331
11011111 35 3301111311 magefit 1131131133131 31313131 311311353 3311133311ᾱό.
131103111,(1)3 13333111133 3301111311 3 1311331311 35 1111113111 3 1011131031 33111113 3ὃ1·311311311,110;;1’
5333311011 1011133 33 311113113113513 1113111) 13111311 3 115313 1613331313 3 331311131311 113113 3311311115
11310111011133311, 33011311 113111 3 3131133105539 13553333 8030-0511311131313311 1331513131; 1111113111
3311 1113131313Ιό 133111311ιύ5 [og 3131131111. 1 1013111111 33 3333331135 minden, 3 1131113111131051-
2. ξ. Α [13113 31111353 35 1131311 161533131353ῐ 135 31311133 33 311331 31131 1111111011 31613331131 35
33 3111131131135 31131 1135311331ἰό 35 3 11011113311103 33011 1131331311 161135313113; 1113131115 3 1101313111
311135113135 351111311311135 1311311 1111131135313111113 ¹ 11113331313 minden 1131131331135 35 1131331ὺί310-
3113131105 35 1353111135 1311333133 31311133 tog 51135 neuun—a 131111135101 5331311011 113131
35311133131131111. 31311 - 3111 1335011111 13113311 1313131111. Α 101-
Ε331131113113133311111133353311111Ιὸ111353331101- 1131031 36131131113131 31131133 11135 35311133 is
111331 1111333111131, 113111 1111113311311 3 1331131111 313-μ 11113111311131111 3 3135011111 1315331· 311331111353, s
13305 311111133351 35 13331311 5333311011 5331131 111313135 331 33 3333331135 3 1101111331 31131 111111-
11311311311113. 33111113 1131311116 31311 1313131111; 3531111031 ez
A 1101313111 133131113 3131133311, 11031· 33 3111- 353111311 3 11111131 5 3 111331111331313 113113 1135331·-
1351 1311311 1311031313501131 1311355311, 3 nummi-ff 3353 113311 1353111135 113131031113111011 33 311331-
11311 11133311 3 3111533111 1135113131, 1311131313311101111331· 31131 az engedfflyessel 31113131113138
311113113110111113111· 1. ,ξ’-311311 31131311 3113151311 1353331111133311301133111111.
1311113131 (ἱ. ξ. 11313103313 53311111 1313333113 4. g. Az 3111131131135 1113131331 magau, 113311
11133111331131351 1033113135 3133133313, 1331 33, 31311, 3303 3311101 5331111113, 11131133 33 311113113-
3111135 13113133 31311 13113511311 33135 stagilla-¹ 1133351 11311331 1131311113 1311311, 11133131 3113111·
1011 31011133 3 113113530133131, 1313311111 3 11133- 113ῃί101111311, 13111 3 11133131 1131111111311313331
1011131031 3111311311131 35 3 113113 1311113113533311Ι 331011131313111311, 11335113-3110113111 53311111 533-
11131051135313, 3311111131ὂ1111311 31131133135 11313- 1111113. 3 1353131115 13113131311 11ὃ3131311311311111111
1031113111011 13113511353 5333130311311131 5331153113- 11131051131101 11111133, 3 m. 1111. 1113330311 3113111-
53113311 1033311 1313113131,33311311313301111311 3 [1333131331 1313111ιί.
11131 31113531 33 35311ὃ31ὃ11 31131135113131, 11135- Α3011 33113, 113 33 3333331135 3 1113105113-
13531111331833331351103311313510111311 1113311313- 11013 1111331311 1111311311 13 33111 131133, 1011311311
103011 113113-1110111 35 113113-11055353311331·13110- 3113311 3 1101111311111311 33 3333113111 3131153331·
3351 nem 533111311113111311. 3311 311131110313131, 5 33 3333331135 31131 131311
Η3 33 3111135 1111113131131 33333111011351 vagy 11333103331333113111111315131131313 mogun-lani.
1131311 1311131313131 31131 3 3311310331, 31131 3 11313135 [01311113 33 3333331135 1111133 3533 33
13531311311311 111311131103131353 11113113105113Κέ 31111311311333511131131113111131311113 131113 331113-
1331 53131153113511311 313131110311311, 1111 31131 1131 53311111311110 11310111 11111131) 31311 111131113ιηί,
3111311113111 5331 3 113113 1311331111 113113313113111 110111 3 13113131 311353 313111311313 1131311333 533-
131103351 5333131131, 53111 33011 35313311 1131113-1 33131133311 [1311331353 3131051113 van.
1311133111 nem 53311311, 11031 5331111133 33 elma-l Α3011 35311133, 113 33311 111111313135 meg 113111
11011 10331131, 3 1311- 35 11311111530111011 1131113- 1131131111311, 33 3113311311· 11311331 133353131113311 35
3131131131111311113 1·311311311; 111 13110313135011 meg- 3 111310511311 3113533113311 131111113111113.
3011311353 3 11011113311111 113-53 11111313111113. Α 131311 111310511311 33 311113113113511311 33
3. ς’. Α 113113 31311311113131113 15311 3111110313 311353 1011313311 311311311131311111 11311331 1311111135-

 

 

 

 

 

( l 1 1313111311 az eumden-vs kainon-s alkalmazkodni:

11 ) 3 131311 31131-1131105131 1131310331311103ς b) 3 1111331113113- 35 11ὃ313113113511311 minian-rium 31131 18011311
31111115 1113 itt-im 4953. 533111 31311 az ursuiggyfflies ’313113111353131 1111103531011 idagia-nos 111511131131-1131133351
533113111103, 1313111101 33 1887:xx1v. 1. cz. 31131013 n, 1113111· 33 1⁸78: XX. 1. cz. 31131 ὺ1·33111111·11 33311 13111-
35 11313511311311111 53111315311ΠΠ. 133111Κὸ11311 311011311011 1351111 ϋιΙ1-11311111311351103 3311111133, 3 111311111111311 33311
3131311 3113311311011113111311 11131131131111011 311135 113131033101135 3 113111 31331111 1351111111 1011131311 530133131313
1033111033. 3 11113131111113- 35 113313113335111111 111111153131111111 31131 1883. 311 3331153135 1ιό 1-311 1111111011 533113-
11011 3131131131 10111311 1311033511 113111 533313111311ς c) 3 1351111 &rufus-armins 131111 311311 1890. 311 011ιό1131 1ιό
1 1-311 1311311111 5 33 189ῖὶι XXV. 1. 331111131 bvii-{tuton nemzetkfizi 3313331331 35 az 1892. 311 113333311131 1ιό
111-311 83,;)49. 53. 31311 1113035310111351111 11313153311311331 113131031113111311103ς 35 nigre A) 11113113113131311 11131·
3113311133 31Ιὸ vagy 113-5131111 311101311ἀὸ 111113013111133, 533113110111103, 31351135οΚ1103 35 madelme-Rha.

