1871 .· LI. t. cz. A birdsdyi vdqrehajtdkrdl. 473

15. 8. Α 31133381 1381333113 3 13. 33 14. 33311333011 31131313333 33133-
1131333 1311033 133833813301131 331333111313331 13113311331 11313133 3 33011 1083-
33103113331 3033 31 3313 331333133113 3303 011331, hogy 33 3113133311 1313 3111
113111 3331 313138331311.

Ha azonban 3 3138338133 33011 3113338333, 1331γ331 3 31133381 ν381333113
3111313133113 ν33,33311331)’33 11111111110133131133113333, 3 1083331031133 3131133
3333 131133)1 21. 8-311311 b) 33 c) 11031131 313 333 31131 33 1131133831 313138333-
331 13383113333113.

Α 131 31131 31131 31313833333, 31131· 13313133133311 111313811333111 1311 113313-
3311131 3 31133381 11381333113 3311381333133 31138131 33.

16. 8. Η3 3 131 1138)1 133831301113 1131313311 31133381 31383381133 131133113331
3 11381333113331 31118311, 33 11313133 3 3111831331 1133111333 3313813331, 38133313-
mind pedig 3 33183133311, 113 111ν3313, 3 33183133131 bizonyitva'anyt 3331. 113 3
31133381 1381333113 3333 bizonyitvimy 111333331 13381383333 1138)1 3 3111831331
1133)·11333 3311113131 3131313331333, 1381131131 11103 100 11118 1311333313 311338-
333 1331333131131331111 31; 1333333νί 131331133 33313333 3303333 3111313131
veszti.

178. Α 31133381 11381333113 3313 131331 31 oly iigyben‚ 3 31311331 31383,
3313, 1381333, 8113130313, 8033301101113 1138)· oly szemessly 1133 31331131113, 3 111
11313 fel· vagy 1313333 38333, 1138)· 1333031318 01331101103338333, 1138)· 31331318
33801338333 311.

lly 3331311333 3 11381333113 33111313 311333801 3 13310183 113133333111313
3138338133 311131313 11133 1381311333 24 313 31311 3113311331 1311031331)

188. Α 1311331133311 33311331Υ33 3111311333011 31133381 1138133311311 131311 3
1133113113111311181131311108 31311133133311 31331131111311. Ez 131103111 31133311331
3 1138133311311 3111313103 311313331, 31 8133383131 13811333331111311131 33 381133

. 3111313103 1131311131, 33 1113013331 33313331 3 313831333011 1103103 33 3333311333111

3113133333, 3 3 33131331 11333331313 01131 11331.

Α 13133011333 3 1313811313ῑί 108 3 1313331131 111311.

Μ13333 3113338111381333113 31131333 33 11331131 31338γθᾱ31111131 13831333
3811Ξ3311 11138111133811133111111, 3 3 1ῗ1(323311311 1113383131311 31331333γ3131 3 13111331·-
333 3 30 333 333133 133333.

19. 8. Α131111331333111 313311,111313138 3131333113 3303 3331333, 33 vala-
mely 31133381 1381333113 1313033, 3138331, vagy 311131313131 1313188333131111,
1138)· 11381131) 311303311131111 vagy 31331)’33131111, 1131313331( 333311 1133331131,
11331131 33 381133 1111313103 1131311 3303331 31113331, 3 33 31131311, 1131331131 33
1331, 31311333 33 1311331, 3 3111313111311111 1110133 10113 333133 31311 bejegyezni
3 3 31131.

113 3333 311131311 3 131333113 131133113113, 33 3 1131133131, 1133111131 33 1131011131
24 313 31311 3 131ν33γ33311 31331133311 3311313331 11313133.

20. 8. ,dA 31131 1313133338131 33313 1311133)1 3313113 3 31133381 113813331131113
13 11113 3

Α 1318131311311333801 3 311333811138133311311131311 3303 3133101111 131113111-
33311 1381131131 31133383 8133010113, 3131113311 1311113133 3111311333ν3 11333311.

 

 

 

 

112 ἒξ· 11118111ἶὸ 3833 (1.1)111ε(3ῑο 18Ζῆδὲ :1X. t. cz. 6.§ — A fe 1118 1313 trev 11303111 31. meg: ¹89izxvl1. 1. cz. 64. §.,
tos-:ibam 1311 34,31037(111 azi)jegyz zetben 1113311118 ,13111 .1·311.ὁᾱ

