1871 .· XL VIII. t. cz. Keras—k, 35 hajdzdsi szoerz. az Argentina 1115213115. 451

J'avak 13111310235313 35 312103533313, 1131313131 3113133311 3 13331311351 35 133-
11352311 523331101113 1103311102111, 133113113311 3 1131311, 32011 1333315333 35
13110133313 3131131113 1311313311, 3 313335 523123ἀό 131311 [3131133111133311 31311-
13131 3311335 311101131333 35 1313131311133 331333203 111131153301131, 523331131-
1331131 35 10301131 1031311 31113231, 1331131131 3 33132313311311 3111323311, 35 53111131
3531333 3135 1331 1113335333 3113235011 1331 13133111131 1113113131 3331 1033311,
mint 1331131131 3 33132313311311 13133133 112313311 11331 13113333 1123131 1033311,
1311313,110311333311313 33132311 3111011011- 35 1313131311333 1131311333 1313
113111 1311331333311 35 1331131313113311 313131111. ’

xlu. CZlKK.

Α 133335 523123ἀό 131311 3311335 1313131313 35 311101131333 3 ’1131351131131313
0113113313 1330353101131, 30353101131, 3130353101131 35 3035315331 331331131131
331323313311 111. 11131311 3203333 111 11521115313 313113ᾱό531 13331132111, 3203
015233 1101313313 13523131, 3131113 13331131311332353 5231, 520113505 13311011
3113 3333113111 11311 3131313; 3 523123ἀό 131311 3331133111133311 331523151311111
5233335333333 311 31203105 331131131, 1331131113 332113 321133311 13113, 01133011
31333311313131 11133, 31311311 303531 52311331131 3313 1311313311, 13113113, 11031
3233 11123135 311313305533333 minden az 111313 015233333 133113113513 1103531011
113503 1011023111 3035311 1152111531313 1111311311.

Μ1311331111 5231231ἰό 131 1330353131, 30353131, 3130353131 35 3035315331 1131-
331131 3 3135111 311101131333 35 1311113131333 3113113203 5233311311331131, 1111131153-
301131 35 313313553331131 1031311 3113231, 1331131131 3 1333331031) 1131113235333
1352351113 3313231 3350313333 1131331131 3111323311 11331 13113333 31113231
1033311.

xlv, CZIKK.

Η3 32 331111 523123ἀό 131 113111 11331 1131351131131131 1131313 3 1335111 33111313
33131313515233131133 32111 11313 1331 333311 311131135231,131523131353 35 3
110223 1311023 13131311, 131331131 3 331313135331 11131331311 javak 35 311111, vagy
113 31313511311311, 32 31311311 3310111 11332 3 131311103050113311 1111133 115523 103
520133113113131,113 32311 31131· 523133113533, 31131· 31333120111311 31131 1115523113113-
131111 3201131ς 35 113 3 13131110305011 11331 32311 1131331131 3313 13133333311 11133
az 111313 1131133, 32 313111311 1311311 35 31311, 11331 32 311311 3310111 3332, 1313-
13131 3 11313131351 52331311311 113133 131311 3113113333133 11013331011 3 3231331,
3 3133311333 321 32 015233 1311133131 333311111, 3203 35. 35 1111. 3035313311
Α13331133 113213153533333, 111313133 3203 3133311331 3035313311 32 05211311-
1333131· 13033131113333 1033311 1113113131, 1113311 113131313333 3 1131313135 1311331.
Ε233 303531, 13131110305 11331 11313311 1331311351 11311533, 1131313131 11133135-1111
1313333 35311 333111 1033311 1123131, 3 13333111 111 1131313135 35313333 33132311
113133311 11311 vala 11231313.

1331323135 313 3 133313331311 1311311 35 31311 35311 3111101 1033311 1033131, 113
103135213513 111313311 33 32 01523333, 3111101 minden 33131113 33213 15 32 111313
015233 1·131131ν33131 35 133115231131131 131133 31113131323533

⁴29*

