1871 .· LI. t. cz. A biv-dsciqi v69rehajt6kr6l. 471

2 ,5. Β1165331 16316631163311 65311 oly magyar 3113133613311 161161 111-
11616231, 3 ki

a) 616163611 24-111 6161 11616116116, 16661161163 16116111ιὶ 5 vagy 633 161611 1611-
6611162651 163331 1111; 5 3 ki 63)·5261513136

b) 3 11616111626 52311352633 316311313162611 1125331 16 511161161 1616116.

3. 5. Α 1112533 11311361)·111 6156161111 1111.1611·611)·52611 61611 1611616 16, 65 526-
11611 65 113511611.

Α 11253316-1112611533 32 61361163 111161 1161 11616111161161 311.

Α 1163651161111611 1163655131 1112611)’111·’33)· 363366 ki.

Α 52611611 1112533 1313) 31; 3 161611 1611631 5 32 3113311 31311133 111363366
31351135 65 63) 611 161163161111611 5 161163) 65 1611661616113611 3 61165331 16316-
11311611 1131351161616. 65 6113135313 vonatkoz6 1131( 11623131.

Α2 1135116Ιί 112533 1313131 32111616 1633111132151 11636556363611 316361131353
11611621.161113161161326352331111611651135116111663661116,11161)611311116533116316-
1131163311 52613313131162 1311623311.

Α 1631611111 11253316161616 31111 16131631613611 kik 3 111161 113131613161 52616
1869: lv, 1. 62. 6. 65 7- 11111 ,ξ’-3111311 3163113131621111 116365563361 11113311.
163611 1631616611 30 11311 31311 3263 161163) 52611 6136116361, 316111161116111161616
1·63161131’163311 11136162161611. 161631116231 1111162111.

Α2 651111 16161616 111311 3263331 11616165 1111313131 6116313131.

Η3 6263 1116 31311 3631 1616311162111 vagy 1111313131 3263331 61 3631 16313113,
63)· 161113161111,111131113 16316311611 16133,1111161·6,113 13326131 1116131163) 62611
1113135213531 Ι63)621161Ι611 3113631)611 6111121311.

5. 5. Α 111165 131 1631663116 116111 161161 oly hivatalban 133) 5261331311133,5
nem vibet 61) 11216161 133) 1631311162351. 3161)· 31131 111ν313111611 11616165563611611
pomos 65 116 161165116561163 3113631)621313611.

6. 5. Α 61165331 163166311611 611311, 11161)611 3 161163) ΕΗ. 65 24-11111 523113-
52311133 1333311 3163631316213. 3 161611 1311623311 1126131.

’7. 5. 1111111163 111165331 163166311611311 1111163 1111313165 36656116 65 611616511611
k6nyve 1133.Α 116656161,ν3131111111 3 k611yvet 3 1111311111 6511113611 16161616 11133,
31311311 316316111656 31611611 3 16111611) 52611 6136116161 1131113.

Α 1166561 1162611611133131615233 62131616 11611621,116111313 116613 6263 5231311311
(1111165331 1631663116», 1313311111 32611 11116533 1363161616561 131131313223, mely—
361 32 111616 3111313132113 van.

8. 5. Α 61165331 1631663116 11611)161 1163165311 65 1631165611 131162111 1626131,
3111133 vakarastvagy 1611651 16331 11631 5231136; 5 113 13133161) 16161 1616665661
1161)·16163111 13131131611 116. 3 111133211353311 61)·11611611 11611 16116331, 1163)· 32
61611111 1135 6113511316 133136163; 66 11)· 65611163 3 11113321135 61131 3313332611
16161361 3 11611)1’ 316156 1613131133 1111163 3163 11611 163)62111.

a) 32 6156 16131113 16 3 foly6 52313;

b) 3 1113566111 rovatha: 3 11116533 316316161656. 1361) 3 31631133)351 3 116316-
1131161162 131621, 1313111131 3263 11116533 316336162656, 11161) 3 31631133) ·15 131-
3131 11611626 61131351 eun-:eudone 16136113 3 3163633135 523313 65 1313)3, 3263
526111611611 1363116162656161 63)1“111, 3 1111111611 1652616 65 311111 61163 3 3163113-
3)35 161165116366ῑ

6) 3 6311336111 1611311133 3 31631133) ·15 1633331651135313 1611 6113115611
163)621613611 fel, 32 6113135 3311133311 65 6131 ’13311 111133161656161

