372 1871 :XXX V. t. cz. Keresk. szerzddc‘s Chindval.

ν33111113131301101 313511331 sog, hogy 3 113161 5261113161 13115311 65 63161163611,
hogy 31311 116 36 6563111652165563611. 13263 111131313011011 1615265611 5261131
vagy 53131 650133113111133 1113131111313311 1331· 3 113163 131162110611313311. Ρ12616-
51111, 61613162651111 65 61131115311 11611563611 3 6111331 133111316533 1115611ς 33133-
32011 561113113611111 1111111611351, 1331· 131313132351 5631 3 113165113ρί133)-, 5613 32
31311 31116161ῑό1 3631 116161613613611.

xvl. CZlKK.

24 613 31311 3 11316 316361116216 3133 31111311 01113331· 311, 3 52311116-16116161161,
5111. 3 6035313311 31 11611 31131, ki 101311111 24 613 31311 61165116361 3 113111-
1611131 6161 3 11316 36116161, 10333131131313161, 65 13110133313 1111365636161.

Η3 3 kapiuinjy 111113131161 3 11316 3163611162656161 5231311011 48 613 31311 6263
rendszabfflynak 6163 116111 16161611, 3 1131111331· 3 1165611616111611 minden 331113
61ν611 (50)Tae1s-sal sog 163)1116131,6263 1111316165 320311331665526361163 3

11615232 (200) Τ3615-1 3163 36111 113136113113.

Α 1131111331· 1616165 3 1311313111- 1111131110231 1161)· 655631 611, 31611· 3611 1103105311·
65 1111116111663 116111113131111313 3 113163 1616 3131311313311. 1133115 1311313111·-
311131110231 3136353611 615232 (130οε) Τ3615-561 sog 116316116131; 11163 1133 azon-
1133 36111 63361116, 1103)· 3 1311111331-3111311102313311 3 ν331113165331102 1611631
11631311353161 52311111011 3352033631· (24) 613 31311 1131331611· 1111131, 3161161.
3111133 652161611, 1111316165 36111111 1161)·161332111135503.

Α2 616111 161631653611 11 consul 16526161 1611631 3131311353 31113 3 viun-
161113)·616 3 11316 116156163611 316331113531 11163 10313 63361131.

Ha 3 1131111331 ssyen engedelem 36111111 11626636 3 11316 116156163611 3163-
31111313531, vagy 32 31311 1111311313531, 615232 (500) Τ36Ι5-561 sog 1111316116ῑηί 65·
32 655265 1111311011 31311 6Ι 1033311 110110213131.

xvn. czlkx.

Ha 32 05211311-3133131 111101131031 vala'melyik 1161651166616 31111131 11111311 111-
ν331· 116131131, 6116 32 633611611361 3 ν3311611131616161 131102111 111116131. Α203
313ξί 3114611611 ssyen engedelem 36111111 1311313311 ki vagy 116, 6111011235 313

613 36 .

xvul. CZIKK.

Α 113111161631616 1111Ιὸ365 6336661136 36111111 3613 161163116111131131101135 631111
11316161 3 313511113. Α203 31311, 31611611 6336661631 36111111 63)·111 11316161 3 313-
511113 311111111131111, 6111011021313311.

xlx. CZIKK.

Α2 05211311-1333131 111103310111 113111133131 65 36165116361 31311 65 3132611
523111135313 1615265611 5261131 11616111613611 1131311363111 1311113161131 65 vizi 131·-
3111116116116263 13111131611611 1316 1161· 32 6166111611611 52311311 eg) 6211611656 31133
sog 31633113111113131 3 6111331 11316533011 11621163131353 36111111. 82313311 3613
1652 11011310113, 331 62611, 1131331131 3 116- 65 11113113366 313113311 161161110111611
31131 6521162163116 52311113533311 631663135333 5631113611 5631 adomzinyozhatd.

