1870: XLI. t. cz. A maqyar c'q'szak-nyuqoti vasutrdl.

3163111133133. 1111311111 33333333 10131133 a,
3031310311 131 1313131333 333 3303 3111113133, 310313 33313 3111133311 31103133

205

311113-11333333-3138131111331331ιί 1018ῗ1111111 113·
3 33333..

3131133333 3ὃ3111311113331ὓ 3Ιό31111333 131- Α 1111113131 1311313 333 3110313303, 381313313131·
1333131133311130311131 3113313131 108, 33 3 313-, 3 3313133 (1318333 1313 33 3 Τ31333 1151813113·
1133 1131113011 831333313133331 13 3311113163. 1333133ᾱό 313833330313,1333333 31113113333333-

3113333 3110111331 3313333333 138138 3303 333113-
1103 33 3331113111131303 3331131 316311113333,

3131133 33 311313331133833 1083331113 vett 1033-
133331 113303 1333331310313 33313 3138333ρί1-

131133.

1813333 311 3113131133 3 113113 31331333 33
30113101333, 1313111131 3 1313331 3333313133 33 az

38333 1313331 1333333113 33313 13.

d) A‘llomcisok.

ΑΖ 31333331311 333113303331 3110313303 33 3
3111131 33 113331 3113333333 1138101111 3110111330-
303, 1381113 1133333111 33 3031310311 1383110-

31330303 311111 11138 1383131111 1131 3331133333

31103133 1333 316331133όό.

Α3 3383331133311 [13113 Ε13333113103 33

3113111133113113131 3ὃ3ὃ3 113113 33131131 1111333,
31311113 381 108 113383331, 11081 33 3313 3 1133-
3333-113311, sem pedig 3 11333333-3031310311
1133111311 1313301333 33 138133.

Α 113331 31103133 3 103131331 330183131 3331131- 5
3311 31381313Ιὸ 33810111) 331333333333331 emh!
13333. Ezenkiviil 3 1133333111 33 33 31333311311 ,
3110313303 3 103131331 330183131 3331131333 3138-Ι

(31313138 131333131311333. A 3031310311 31103133,
31311 3 Dum-iva! is ὃ33333ὄ1333ὀ, 3 30131331
31131 331133333813336 131133 33311311181133-
3333336 113, 11081 33 1018313ιί, 331333333Ιωί 33
1133333311 13313131333 381 1383110313318311131-
333 313813131133; 1311133313 33313 113318 381
1131133311ᾱό 31, 11081 3 1033131 10111313138 3
13111133 is 31 1311113333 1333131.

11081 111311 1131131133 1333333 3 31331111 javi-
1331 3131131133 33 1333381311 131311113113ό3, 331
33 3383331133 313811311831333131 3 30113331
331310333313 3138.

Α 3ὃ3113333ὀ 31103133031133 3 3333338131333
31381313Ιό 33133333333 11331 3 1101111331 3 1333-
leuel-vok 31613113331333301 108 1383113313333
1131310331.

Α3 3383331133311 1131133 -133 nem 333-
311113 3 33333303331 31103133 113311031331 1131311-
3333331- 3138 1383131111 3381 11331103133 1333,
1333131 381, 1333131 331 113313333333131, 3Ιό-
3111131133.

Α3 3110313303 3111113333 3 m. 311. 311331133-
[131133 333111331131331 3331131 3111133333, 3138-
,138133131133, 11081 3 338101111 3110313303 33-
810111) 110333331 13 31133331113133. Α3 3110313303
3113131133 01133333 3111133363, 11081 330331
33113338 3331131 1338 131133333 30333333113111.

Α 113333331 3311333131 1311333331 011 313303
1333 313011333336, 11081 33 381 ν381ὂ181110-
33113,11813313133 3 311113-11333333-33013313 3

 

 

 

 

3) ffzletaszkbzfik.

ΑΖ (333333 1131311 3333113113, mik 31311 3333 3Ἰ
131303313331 33 13133313133331 31131011 310330-
3103, 33331311-, 131131- 33 331103-33311113303313
33 113-3333, 131131 3 ,1313131311 31133363, 3 31.
311. 3113111133113113-18338313338 333111331131331
33 3331333311 1333333331131 3331131 33331133·
363, 33 011 313331133811311 13331133 1133331333-
363,1108111333313331 31133113 33 3833311133--
83331133311 vona! 11033331103 313113, 31311ίὸ1-
33331311383131111 50,ΟΟΟ 11101 03311. 311. 333--
11331333.

Α3 3383331133333 33 331311 33336333 333111-
1333333 381 13131131303613 1333ᾱό 3113333333
1111180333 3138311333, 3 3ὃ13133 33 1131311333-
3ὂ3ὂ331 3 30131331 31131 311083333163333 31-
13111311 8131311331 313813333ιηί 33 33 111316 3331-
363333331 3133311333 3 301133311103 31113383133·
33 1313338133 138311 13113113331331,

s) A mu‘nkdlatok'mindsdqe.

Α mi 3 131133113336 31333313103 33 3 3331111--
3133103 3113633831 3113131133 111311, 3133131311133·
33 3383331133 31131 1133133331 133336 33, 11081
33 3383331133311 33113333 316311113331103 33Δ
1313331313331133 3311333833 minden 31333313103
33 33311113133103 1383131111 13 33311 33 011
3813331133331 1111111333, 3 1333311131 3303 113-
30313 31333313103 33 333111131311103 1111333,
3131133 33 311313 3111133833 1083331113 vett 1033-
133331 13113311131133, 1113115138 3331111131133.

Α mi 101311113 3 131133113333 [3333313103.
313331133831 111311, 3 13331133 31513133 33 338333·
1133 33 311313 3333113333 1033111331 33 3110133--
30331 011 313303 31631111331, 3113331131 1338-
13131131133 311333303 1833133333, 31311311 381
33313331333 33 833333380333 333311 33131331
me 31133131333.

333311 3113113, 11081 33 3383331133 33 3111-
1331 31311 13111313 13110313 311333303 3133331310-
33113 138133311331, 1113111138 3313801131 333111-
1331, 3131133 3 1331311111 1131310331331031133 3Ιό
3331 30101131133 38133, 33 3 11131133 3 [13113.
1ὃ3313133 33 33131331133 3Ιό3111133313 33 13133313-
133313, 1313111131113131113 13131313, 138111 1131311.
3311133831 33 13313131 3313333333313 333333831-
131333.

Α3 3383331133 3613133 3813331331133 33
331311 13133313133 8101331111 1313333331333333
313131311 1333311133, 3813313133 33 381311 131-
333131331 1386338031103 33 333313133333 13 az.

