208

1870: XLI. t. cz. A mayyar djszak-nyuqoti vastatrdl.

111303505 10110101011 31311 1111311101·Ιο533111135113310301033311,1131013530105 3153311351 1110133031,η

11335· 3135 kedvezm6n36kben 10530501, 1135·
0301111οη 10530511031 11011 minden 533111101 05
131131110301, ki 33533 3303 1011010101101 0110311013
0111011011 111135· 5303101505 010353οΚ 5031311

050110 1101530 30355011.

1111300303 11001103ωο35·οΚ 531310305 1111011105

(10130110) 31311131133 5013 1313313311.

Ε35·01111·331 0 1011131011)οη 1033 133 3 1101311135·-

3311 33 31533031501131 533113150331.

10. ξ. Az 0101131 53010113011 3 1101101003 110-;
311011 1030111111Ιί 0133351133 0501010 1033 36n 3,
1101133353311 33011 13131001013 01333533 13113-
31313 3 3131113131 6rszab6s 101013 105331111331.

17. ξ. Α 1131033533111135 105 331111011 31533113-

 

 

1053 [3031011010.

*203143 0330001505 103051113 133 3 1101--
13335· 1101003503050101 105305011111 3 131131311103
1111531131 15 10331, kik 1010 103011 05 1101010ῑο11·
5030111103 035 031003 105305013011.

315. Joga van 031·5301531130 33 03300οι
15053011 105310351315353301 3131111331, 5 3 531111-
50305 11033 0053013050 0301131101 301110, 1335·
0103111131013 53010 (au 11011031) 10531035·οΚομ
1··335 015 5011115031 11011Πο3501101 1100531331 ki„
31015011 3 31331-31-05311311 05 1111110101 1035001103
013135111131011 051111313105331035031101011.

Α3 015011115031 11011031 011 31130330331131 05311
015· 055 303 0101013 10533011 11111005311131011,3ιο15··

5011 5301131 05310310300, 05 110013 eg3r6szta 3011 113313103131353 3 01310511011 115313 101000·

113003531131510111131, 3135105 31 3 135311 1333·
3310533011, 30115 5301131 33 05311311 311313-, 0011-,
Ε13501101-, 33050153331-,11310131310511533-

1100111 1115111, 05 3 001-053311- 301301 1131105010

 

10313011 1031010111) 1131013 010001 1303511.

Az 01501131131-11031310131 53311353 0111105010
05 1015 3010105010 5301150305 30110305 10110,
1110113 1011111 1033101113 1010113300 313310110101

11315313153533011 1333331053331 1103011 (1800 0111010311νο 15 1105 3010311010, 3 11013133130333-

000301111101 10.) 31031101011 0350331035 31311133,.
1110153011 5331131531 0303 0330001501131335·111-Ι
03053110 105301 1101103111.

113131353131 103 31033113111113131.
Α 13153533 33 0330001505 minden 10331105
11010103011503011 0101111,3Ι31153311311·311 1011031,

A 1031011111 ὃ5530511315·3111131,1·335· 33011· 130150113011 1101511011113353531 05 33 015333 01·

οοοοο

10005030101 3 1131033533111135 ‚rant 10110Ῑὸ11, 001101530310101113113531313 1315353333103501-

11335· 1011011033300 5 33 311313 1053010 11001πο
301111 031 0331031011 33 0330001503011 11311 ara 15
0111031 05011 10533011, 3103 110013 33 00013 10110-
1011011 10110110301, 33 0303131 10110101·οιιο011Ι

33031133 05311 3 3103351003 3 3133531· korn16n3.
10131133) 33.

Α111313ι3ι330011 11103

0131035331 0150310, 103111 3 [0350303011ιο 15.
1133501111 1131033533111135011 0301131101 33 053-

1133110333110 0350331035οκ11οι 33 03300015051
13111131 1101οΙ05

 

0303 1131310331011 6?
1103311351, 1311131131 33 3113131 05 113105331, 1103- ·

 

0110103 0531103103όὸ 11103053110501 3 1101313351
3111333311 [enlm-lja.

F61366nd6 105 53 33 313115 53311315011113 az 15,
11035 3131511131 11010105 3 103001110305131131101-
ban 1010 3113311 11113131301101131 05 1115 3013311,
335 103005 11305 5010311011, 31131 3 11031005 5031
311153101101, 3 3103351003 33011 3 53011503οΙ1
110110550330111113311, 5 3 1013111133οό 5301331311
1030 11011011013011 13031010111013011, 3 5301331311

γ31103135011 0010110503οΙ 1111310133 113501οη1110
11311 135 ·111131535330111131 110105 50305 1115031105110331.

*223143 03300015053011 53303053331133 fin

11101- 05· 1101101003 0353011011οῑ 1311331, 3031 110-

Α3 enged6136s 5 111010103 1033100131 1101010-1031103 53013015·- 05 31353311113513, 11303, 11351

zik 1333111131 110301, 11035· 3 11301 13551111 05313-
15011 530110305010 1033111030133 3 051111. 53311.
0011-, 311331-, 1131313131 3 115 3311001ιί 05 015οΞ
erd6l3·i 13531131531310111131 1101011 0350331035-
1103 110333131313311.

Α 113103353311113501113 1033111030 1131310331011·
05 110010331031011 31333101 0113010103 011 1135
01103505οΚ 3 1103100503ιο 15.

18. g. Az 3113311153111501011, 111131313011011 05
53013311, kik 3 13531311 1333331353 05 031010
101011 0111000 11310533011 31030133531101, 11135· 33
auam 6rdekeinek 0303 033000151101 10150 11103-
01353 103011, 11335· 101000111 0301011001 3 135-
11131 113533311311 05 3 11310533 310311133531133-
3011311, uti 31311131111131 0351111 133503 533111·
1330011.

19.ξ.01,133 10101103, kik 6 13531313 11101-
11335131311101· 01010305 1111130105· 50 3011101 1053-
1115301311103 113533313311, 1·335 3 533111113335

 

 

Ι3113153313303 3 10333110 1011035011 05 stab·

1335011 63501031003 13113531·,31 1013311111 053110-
301101 31111331 101.

23·S ‚Az 6rs 01131131- 351113- 110305οη1 10331-
53311353 11133 3ιο33511353 3311111101 533311113, 33
03300οΙ1 1311331313, 311330533 3101110100311031
011 113131130311310130301· 111103035333 0. 0. 111
(33,90011·1) 115313 10100011301, 5 0303101111 6
1101111335· 31131 1013333533οό 10110531051 10111
31311133 3 1111100531011 101103011 3103 33 03300015·
13113133 (90 01) 313111 1011053105010 1010113300
[11303505 011 10110531051 1133511001 0305111011

,3111101103 111310511 33 311331, 11035 113 33 011

115313 10100οΙ0111 3101110100311031 3 1033011111 1113-
10511011 05530301 05 3 10110531051 1111353001 01
nem 0130, 3 1113351 33 311313 11010131 13110ῑί11.

A 111310511011 115313 1010001013 0553030 33011
10110105 5301131 3113311131011 3103, 11035· 3 113153-
1103 3101110100311131 5301150305 1131011 0531103011

303103011, 11335· 5111533311 1101110103 0010103105οἾ 0053013051 0110110 00000 10113101 05311. 011. 103
vel, 1331 3135 310003 3 13113131 3103101101105011 110111150131.

