336 1871 .· XXIX. t.. vz. Kvwsk. szerz6de's Japcnmal.

311131501531 35 3111111311 113331351 3 11333 32011 resz6b6, 1113131133 3 13150111 mv
13132115, 3 3331333313 35 3 3331153113 1511211 11131133 1133531315, 1111531015, 11333·
11135 31311011 133111Ιὸ 3123135 31131 11121051111313315, 35 113 11313151 32 113 11131103
111210511011 1133311151 3113311313 33115111 131331133, vag3· 3 313353131,13153101 vagy
3135 33331331131111111131313015015 31131 3115313132011 2311 13113133 vag3 135231133,
32311 bfin6s 35313151113113 311 60 11011315-531 [3331133116.

(113 331315, 111313 315 3 haj6b6l 1511315311315, 11333· 111613 315 151131531353 3133151531·-
131311 3 33115111,11033 32015 3 33313111 1131111111 31311131 1133,111131 15ὃν311532115,153111”1-
133 1’3133Ι3111311315 10133, 1310311311 15 35 3115011235 313 15311113315.

1311503235 1113 3511315 3203 31113501113301515, 31313315 32 311133332315113311133
113111 3111111311 311311-321151531531 13311311 3 3333111 ν331113ν3131315 15110511153111
3231023315.

Η3 05211· 315- 31133331· 113311 3 1531·35153113131113315 31 113111 3113311311 3331331 1511ῑὸ-
11115 1·3131113131153113 33131531 1133531113135233 1·’333 11335311131352111111331515311333,
3113113233 331315 a 31131 1111 150131311313 52311311315,111333 3 11333 pedig minden
111311 1315331311 3231· 11011315-531 311313133116.

1121 331111111315, 111313 315 1513311111 ’151 133333111315, 3 32311131 1··3151113113·111531 1515231-
11111313315 1131111123135 33115111 ; 32 11315331 1511315011 3311315 3 33313111 3313533015 613-
2313 31311 111313113315 35 31131133 3233 611231-, 111113153- 35 1313333131ρη 331-3
1311253305 153ν313135 31331123133113. Η3 3201111311 3 131503131131ἯΙ3111313·13523
31311313315, 32311 1352 11133 a 52311313523111 11313015 13331123131111615.

1333113203 151κὸ131133 32 333115 11333131 3 1113511513 31111531 31 131131 131531
ν111111123135113115111; 5231553335 32031133, 11033· 3233 3113113135 31131113 3331331
31131313015015 131113331313 31311 35 3 11311111313533 31131 15111113 3 323113 15131Ιί1011
3113311313· 111311311 111113113315, 1111111113 32 11 31113131 3333111133 131-111352313131
1113333 6211111111.

E 1131310231 1111111133 11133523335331·1 60 (1011315 1111313135 331.

Α 111115031113110231313 1111113 13133, 3 33313111 11313533015, 113 05211315- 41133331·
113313 1531351531131131 02311131 13333113 3115323315 35 13315011311111 11310111 (31 (111311311-
331 13111131 1111133 31333131, 3 1331113131 231· 313 131131115 35 meg 15 531111111511113-
1115; 5211111133 3111111311 52331313 ν333· 52313313315,151151113150331113353111335211315
11133 113353111113523111133151531133315,11231131 (15) 1101131131 1033315 1111313113131
1111311311 3 3335 (11131131) 11131503331·,1 111313 31113053111313523315 11333· 3335313335231
megkis61· 1311315.

ΙΙΙ. ΙΙαιὰνοΖατ.

Ha az 311115 1111331103053 11333· 3111311133 311111 1511315111 523311311023315, 15313135
32015131 1131311351 3131131 3 33313111 11331111131313315.

Α 1131131135 1135113 1031313333 35 15311, 11033· 131-1111313223 32011 52331313· 1131131,
151 3 3313111351 13521, 3 11333 331131, 11131333 32 311115 1131102311315, 32 3131350133-
3015 3333311, 52313311. 35 32315 1311313131, ν313131111 minden egyes 3133503133-
11315 333· 15111113 3552331133 kiv616nd6 31131531 15; 3 33133135 1133311 32 1155235
3133313111311 3311315 35523113153 3111111311(Ιὸ 1333. Az 311115 1111331103053 11333· 31113-
v6J‘6 1111102115 3 1131311351133 11351133 3111511331 321, 11033· 32 3133331011 33133135
a javak val6di 31131531 1311311113223 35 3 33113111 11331015 1531313 131 sem 111150113-
1011 31,111313 1332011333 3 1111331101105 ν333· 3113νό 31131 313 15 11311113.

Az 31311311 31113333· 2315 11333· 32 1131533311 113331331311 3311315 J'ssffizsskss 3 113111-
1131353301511315111311311133, 32315 111110151 ’111311 man-ad 3113113111113,11113 3 11333133-
1311 331131531 11133 3331 111253311311.

