1871 .· XLIV. t. cz. Keraek. 35 hajdzdsl szcrz. Spanyolorszciqqal. 419

1131131, mint 3 11131133 3 33313311 11310111·οΙ 533031- ¹ 3133311331113113, 11031Γ 33 331111 ’53313000 131 53131

333, vagy j6v6ben 53303131 103333. 3311133133Ιί 1131013311 53313111313 53311303111131
1331 330133133311 nem 103 1111111331, moly 113-
1x, filum, 50310 130003 3 1113513 131 3310113 15 ki nem 131·-

jedne, az levi-n 3 331 53313000 131 3331313, 11031
A 53313000 18133 111110ῑό1333 a milsik [ἑΙ azon 33311 13313131333 1131013 15 3 1011313135 3313310-

113101101, 13311311 33011333 1131313311 11313531 vagy 533311 31311310 3333531003311 13533511135533311.
333153311ῑό 11011111113111311 10111311 1333303331 113-

1353311, 531111311313 33103351 1331 11130101 11131311
nem 103 53303131, 1311313, 11031 ily 11310 minden 1
3313533035-11335101 131103300111 35 3 3111010333 A 331 53313000 131 11301 33101 33111335 111-
31313135313311131ὐ1”11“3 33011 1003 tul, moly 3 1101013311 3133330133111311133311333 3313331 badi
113101 1113330311331353513 3331533111311 301011113- 1131011131 3313310 333351300333 1033311 13533-
31311 31131 1333033113. 50131.
113 3 1113335 5331300013133 3311113 3 1101133111- Xffl· CZIKK·
11311 11331131311131013311131310033303 1311030 11310
3 11135111 131 113111313 11331· 1311113133 3310101351 Α 1010 35 3311131 1311333131, 1313111131 11113-
13311 53101351 53311130, 3311135311 3 3310101351 0333311111 351311335331111313133,111311·311 0531133
5333113031133 1031133 minden 53311533- 35 131110- vngy 11133131· 113103 31131 1103313311 113 51133101
3313511311 1353350131, 11333111 3 11310, 311333 135331 3111010333, 35 3350310331133 3 1010 35 33 11131·
35 1013031131, 3 110333 1311030 53315331303 35 1311333133113131111111 3113033333111 35 131133533ῐῦ
33133 13131133 15, 3 113103 131311 1103133103, 1313133, 13311311 51133101 113103 31131 10131333 33
531313311111313131133133 1131111 13131311 35 311111, 05311311 vagy magyar 3111010333, 3311311133 13-
11131133 11133 131133 13311113, 13311 3531133 33 33011 gyon 3130311111, 35 1131303331 3033553333 33011,
3130353301 3331011 3333055333 3 1313100305333 nem 1031133 3135 11331* 1113335333 33111311 1131301
1133131, 5 nem 13531133 3135 1311133333 113311
101313533033311 3131131113, mintha ugyanazon 131·-
tami 3113111111, 11031 33131131 1133133333, mint 3 1113111133 113311 13131311 33111313 33313311 103030
313331331351 35 13313103351 30115333331 35 33011 31311 1011333311.
1331333331, 3131131131 11350310 35313311 3 531311 1113133311 131333303511311311 331310313113,3031’
1133133133Ιὶ 1131011 15 1133131 301313533. Ι 33 0531133-11133131· 103030 313118113310101533333
113 31313100305 vagy 333311 1111101105 1333- 33303011 3303 3133313333, 11131133 3 13133133
31301113 3331 13133133313, 3 31530133113135 33 3113111333 3110 51133101 1331131113 1131133013
111310 30353103, 31303531031133113035111533111331 131105331131133311 50101131333 310, 1872. 3νί
1103011 33331133 10113313, - 111331331331311133 1331131 110 1-1313 33 331111311 1330533331111133
13130330331131, 110311 3303 3531333, 113 3 11310, 3133113131030111011033105 1331301133 313 353311.
33 3303 volt 1313133 35 31113 1011311135 13331, 113 3303333 3333 1313301133 33 3111111311 10011031
13131313 1131333311, 33 3 1313111 1131310331 33 31011331313111335 1131310111 10303013 13131313-
015333 111313335 10113315333313311 1113130 133- 53311111313311 5 13335303131131333, 33 05311311-
1311113. 1333131· 101103011331033 1353 1131333303 13533111-
Α 133331· 31131 3113131135 531111113ν311, 11131133 13511133111133531131313513 111333 53313313133111113
331111 53313000131 1131013311 131111133131103 131·- venui.
1031311, 3 11135111 131 311313 3113331351 3011533311 Α 10103311 35 11131333 1311333131, 1131331131
311111 5311113133ωο 11135 11131311 313 113111 1131131- 1111110331131110 35 131133533111 13131311, 11131133 33
11313311, 11111313, 113 3 113150 103135313513 303531- 331113 53313000 131 3130101301 3331133111 3135
13133333. 11331331 1131013 10111311113533 1111133103, 3331 33
χ· CZlKK· orszzigbdl 1131011, 3331 1111111101 30331133 volt 113
-— 5311111131· 3111133103 3 1113513 53313000 131
05311311 vagy magyar 1131031133, 13311 51133101 1131013 15 33313111, 11031Γ 11133113 1335 11331 111333-
11310311311 1111303303 1033311 1331313131, 11131133 sabb 1113133311 113311313311311, 1331· 1335 13111311
05311311 1331· 11133131· 33103333 33 0531133-1113- 35101133533011333 νο1113333 1113113113, 111131 113
31131· monarchia tbrvc'enyei 5331131 35 51133101 11313333031313133 31101313 33313311103030 31311
1131033311 3 51133101 1011133133 5331131 1511131131- 1011333311.

11311 31. ΧΝ. CZlKK.

xl, CZlKK. ‚ , , „
Ε31·13 vagy 1113513 53313000 131 33101131 33
Mi 3 1131031133 3 3130103333, 1313311311, 03- 05311311, 1331 11133131, 11331Γ 51133101 1113010333
1031133 1310 3111311133353135 133003531,1131’ egy- hevitt 3133313333 011 30313313131133 11311133-
3113133311 1111303303 1013135330331 35 13110533- 1131011, 11331· 113013 31111311 1331* 31111311 10133-
3311’01131 111311, 1113113311311333135330311111113103, 1011133 303531331011, 33 111310 0153331133 3113
33011 1333315333 35 1330133313 313131331011ε 113313 13333110 311313305 1011331311 3113333333

27*

 

xll. CZlKK.

 

 

53131 111333 1331· 11133113131133301113 31131 3111113-
1111011 31133533313 1105333533 ki 1031133 5301331-

 

 

 

