1870: XXXIV. t. cz. A Fm·encz-csatomdr6l. 193

Ha a 1132153253135111313135 311131313131 31353113ρ11011 31333115353 13331103
35 3113131103 131111, 3 33131133311 11131· 35 101531031 1533131 1131311132131133 351
31 313311 31111353 5 3333110513 351 31 3111133135 52311535311313311, 333311 3ρί-
1351 35 1331311351 1131153533 nem 32 3353331135, 1133331 32 111313 3131313523ῑί
31311 1351 13113131 115313331.

Α2 11)·33 31111331351 3353331135 meg nem 313331102131113113.

Α 35310133 311311 3111311323333 31311 135131131111 1-24-11321 3535531 3111133-
3311; minden ilyen 111 35)·333203 3113301113 3311313333, 3131111311 3 35310133
§punse 3103 [almaton.

Ᾰ1131331311331 32 311131132351 3 1323133113- 35 1132131133351 minister, minden
351311 31311331 32 1113131135 131133111313535 33533311321.

Α2 3313113233 311331313113311 1331311353 3 1132313313- 35 113213133351
131315131133101, 32 01523505 313113 113315 32 111313 13113311131353501, 3 11325351
35 3ὓ113313113311 1331311353 32 111313 11313ῗ531131 111311.

Α2 3353331135 11313135 31131 50330510331, 110513 353101331 1333113131011
31131 3 113213113335 [nube 3352311111355311.

9. 5. viz lesolya'solc, marlea- 38 bv‘rlfansztatds, hender-&tarda

A 35310133 103313 31131 31133152311 3113333331311 11210113501131 135)1 3 353-
10133113 ken beereszteni, vagy pedig syphonok 535115353131 1351 1133131333,
35 3 52031523305 1313131313131113 33213 31131313113331 10131111 1323131.

Α2 333311 3113313521353 31131 01102011 113101131 3353331135 32 111313113311 1335-
13111331 131102111.

11131113- 35 111111335213135313 3353331135 32 111313 1325353111131 351313113135
351 1351 131111 11321532531351 11313135 311131313131 3135311311113333 1103101 11113-
13131 131102111, 1331131133 1111111 32 35213135 35 113135 11105.

Τ1105 101311113 3 353101331133 11333311 3213131, 1351 3 11231 11311311131133
353525351313333 13331.

Α2 3353331135 [311050511131111 32 3313235 35 11313235 135231132131353 33111111
3 35310133 112313131 32 3 32311131 1111133-1111133 111352113213333 11321333113-
fis 1132131133351 1313151311 33533311 31311133 11131031- 1351 351311 13313213113 131-

35233131.

10. 5. Α posla suille‘ta'sa.

Az 3353331135 11313135 3 1105131 35 ρο51311323131131 32 311313 113523311 131-
1311131133 135133 5231111331.

11. 5. Tcivircltilc.

Az 3353331135 1311050511131111 53131 1135233131313 3 35310133 3133131133 13111-
331 ἴ3131111331ς 3 1101313313311 32031133 523113353531133 311 321 311133313533
1135233131, 1351 3 13113131 1311133-05210113113 11111311 50310311 1113521331.

12. 5. ΨίΖί-υάφη, szeme'lyelt (²⁹8 ‹iv-ul.- utdm‘ viceldzjak.

A 13113511311 3133113131011 35 1135233323311 1113335011 1131331135331 335333-
1 35 —— 3203 11313102011 13113131 13311311, 11051 31131131111313132311535313311 1313-

33 1311131311133 [10310533 313513131 — az 33533311-133 13113133 31311 3
Ρ313332-35310133331 13133135 3113311133 3113, 32 311313111335131 31131 13353113-
pilon, 5 3 Ἰ. 313111 133113111311133 1051311 311523113112311133 131501011 113132351 35
52313311- 35 3133211111-111313111 5233111 [311050511131111.

Ε233 31152311311231 32031133 3 111335131 5231111133313113 33213 3 35310133
3133353 35 31131313 11133 3203331 112 52321311131 (100,-’(,) 135231111131111.

Α2 311331111335131 1313130331 11311323 1121 1313131311, 131313131 3203 1121
132131133ἑεί 3521132311 3133, 3131131131 32 3113131 1351 1333311 1313513131-

κιςμι- mutemur. 1300-1371. ¹3

