368 1871 .· XXX V. t. cz. Keresk. sze1·z‹5d‹}s Chindval.

16116, 11031 32 6111111611 311333113311 1162611 11313153305 115203101131 1616511563611,

61113131021311, 1103)* 6261161 63)· 116165636563 6163165 65 3 526126116 133335 113-

13113311 313111316113 36216 11352305 1131315331, 1161651163611111 65 113162351 5261·-

261165 31131 316352113111115311.

F Ι136261116111163113131313201113111113 111361621611ε ὁ 65352311 65 apostoli 11113111
6 56 e:

Pessgz Α3131 113161, ὀ 1615636 31163361333131, 316311313111132011 31131516161 65
rendkiviili 11616161, 3 65. 65 11113111 116161325131 expeditio 16361161, 3 11310331
1113113 Τ616213-16311 10133131 seb.

ὀ Ρ615636 3 6111331 6535231;

Τ1133 Stin, 32 31131111616116131611 13336533311 61361161, 3 1111111311 6311136ῑί
311315161611 63111161;

Chung-Hou, 3 11636161165 31313301131, 3 1131111311365 3161361161, 3 6111331
2352165 56163 1135203133105 16165 235216133311 631111 3313365301131, 32 61523111
11310111 11111616 116165116361311 1611131616161 5111, kik 31631131311113235311131631-
3135531 1162111163, 65 320113116 65 116116 313111133 111311110113113311 13131133, 3 116-
16111626 62111116111163 311330111311 meg:

1. CZIKK.

Α 52612666 3113111011 1162611 131165 116116 65 13110231133 113131533 313111031611.
Α1311131ἱῗ1111 5261116116 651313111033 3113111161 31133310311133 161165 011310311133
16526511 jon.

11. CZIKK.

Α 1161656365 16 1152031,1ὃ1616 1663116 16331311353 163611, O 6535231165
3305101111113111 Ρ615636, 65 O Ρ615636 3 6111331 6535231 11163631623611, 11031
11331 65 1131315331133 1616 36111261611361 1161611 52011351102 11611651 ὁ 65352311 65
apostoli 11113111 Ρ615636, — 113 62615261113611 13113 — Ο Ρ6Ι5636 3 6111331 653-
5231 11011113313331, 65 1113516521 ὁ 17615636 3 61111131 6535231, -- 113 6261526111-
3611 13113 — ὁ 65352311 65 apostoli kimilyi Ρ615636 1101133313331 (113103131131
1131361161161 361621165563.

111. CZIKK.

A 1161 1652161 11136162611 (113101331131 3313611611 10331133 311 11316111 61131353
163611 1615265311 52611111 1331 3113311633 131162110331 3 11135111 161 161310531133,
1331 621 6561163 1310331111 11163. A 1161 52612636 161 (113103131131 1131361161 131-
1621103351111 1161163 116165636563 61162111 32011 61610301131 65 5231131153301131,
3161161161 3 363126111621 103 11121051152331111113. 526136111111, 6531331311,11321111
65 1616162651111 5611116161163. Nem 1101131021131611 1111313130113111, 1111313111, 1011113-
653111, 5201311111 5111. 1313521353 65 31113131323531133, 65 6263 52613611611 minden
11311011135161 13631611 16523611.

Α 1110 Felsdgeik 1161111561611 1331 62611 653136133311 1331 1132131135311311
1313111611 133131 526131 1331 161161 1331 61652311051101135531 1133131313223, 3
11316533011 31131 521301333 sog 113316116131.

