1870.- XXXIII. t. cz. A battaszek—dombovar-zakanyi vasut kiepitdsdro‘l.

183

11ὃ3ν31133 1111331333 356 3311131311 15. Α1ὂ11111 3131311333 11113131133111 1333133331111, 5 33 3
3311131311 1311ό1, de 116313333101113 31631111331311. 13531133131311311 53313633531131 3 1101313313311

1111311311 311013351113133113335 3303 5333311011
35 53111113311313011 5331131 3111133113 316, 31311311
33 311331 11ὃ1153333 1033331113 vett 1335οὼ331111
(1315110133-113313ν1) νο331311331 113503 3111311313-
101113 333113 313331133111311311.

[1313333 311 3113131133 3 113113 31331353 35
110113101353, 1313111131 3 1313351 113533131311 35 33
33353 1313351 1333533113 333113 15.

d) Allomcisok.

Az 33331131133311 1135113113 3 11331353-1131351
vona! Zzikziny 311031353331 13531 1133113131 35 3
113113533κί 31103135531 1133363111.

Α 11311’3331101335 111131 31131331 1Ο, 1353131
11ὃ3113335ὅ 31103135, 1353131 3133311351 hely 1313-
51133116.

Α3 331311 530133131303 5311153335 3331313333
11111111 Dombovziron 3 1103131351 530133131303
5331153335 3311113335311 35 31313103351 3133311311
10311311 31631111131111.

Α 11ὃ3113335ὅ 3110133501( 0531311033511, 11313-
31131 3 11011111ον311 3110313503 35 3 1131 1333110-
maison 3 533115331313311 1333131313133 3163111133113
3313333335311 313311313103353 3 135313135 13113-
331 13113113531353 31131313131 103 3 10131331
31131 1331333533 1333311331113131.

Α3 3333331133311 11033103, 3 13331103135011
113311031351 113133113335311 11313 nem 31113-
ὃ55335311 1333131111 4 1113311οω35 1353131 331,
13531111 1131 11313113131 3311311116.

1111Ιὸ3333 33 31101335011 3 3133131· 11113111
3111501113ῃὰ11 31133113531311 5311111331131331 533-
1131311113311311 316, 133131131133 33031133 3 103
313135 31103135011331 1133101111 3055331131 1331131-
3131.

Α3 31101335011 3313113131133 331 3111133ᾱὸ11,
hoglivb 3301131 53111153311311 3133 13335533 11053-
533 11331.

Α3 33333311·33311 [13113 2111133103 3 (1311 vas-
31131, 35 3 3311331-33313111 10331131 331· 11ὃ3ὃ5
3311333131131 103 birni.

3) L‘ss'zleteszkozok.

Az 3313135311ὃ3ὃ11, 31311311 31311 351111 3 333-
31033031011 35 3 533111035111- 1311131131 131533-
131351111, 1013111111 3 53331311’-, 131131-111113511035111

 

 

 

 

133311113135 133311 31ὀ13113531331.

1) Α munkcilatok mim‘lse'ye.

A mi 3 1311351133ᾱό 3133113111ιοί1 35 3 5331111-
31331011 3113653331 3113131133 111311, 31311131311133
33 33331131135311 31131 1133133331 1333113 33,
11031 33 33331131133311 1131133311 313311113531103
35 1315331313531133 53111153335 minden 313311313-
1011 35 5331111133310111333131111 15 33311 35 011
3313113113111131 1111133311, 3 3133311131 3303 113-
50313 3133113131011 35 533111131331011 11113311,
31311311 33 311331 111111533331033331113 1311313-
50111331111 1033131331 131135111311311, 1113111133
53311111311311.

Α mi tovzibbai 3 1311351133ᾱὸ 3133113131011
133331153331 111311, 3 13531133 11ὂ13135311 33 3333-
(131135311 33 31131311 113531133ᾱὸ 103313113135
3110313501131 011Γ 31611011 31631111331, 3115331131
313313131133311 3113113303 133313113311, 31311311
331* 33315331333 35 333335330533 1133311 113131-
331 133311111331313311.

(13113311 31131111, 11031 33 33331131135311 113
31111351 31311 13111313 1311033311 1313113303 mun-
11313101131 15 νέ31311311331, 1113111133 3313301131
5331111331, 13311311 3 1331311111 3313103133310111133
316 3313 501011311311 33133, (13 3 31311311 3
113113 3111313135 35 3313113335 3163111135313 35
13153313135313, 113133113111313111313131313, 1031111113
5333131133133311 31113113335313, 133111 1131311 113-
11153331 35 1311111131 113133113335313 5331153331-
1313311.

Α3 33331131135311 1613135311 331·533153111111 33
1131311 1ὂ153313135 3101531111 131113533313533311
3131131311 1353311133, 3315313133 33 331311 131533-
131351 13335330111103 35 113531313111133 15, 33 3111-
1351 1113111131 13113131101 35 3313313301131 011’
3133111133 11353313331, -a 31133 3133111113 33011
3353313353 egy 31350111331111 1353131111 3133-
13131.

11313333 311 33 33131113 1313113 53311533311
313353331351 3313301113.

6. ξ. Α3 33331131135311 111113133111 313331131, 14
nap 31311 3303 3311131 5331311113, 3131133 33 33-
331131133351 1111113111Γ 1131311113 1311311, 3133131·
311313333110111133 vagy 3 31311131 1111111111311313331
3310313131311133, 1635113-311011331 5331131 533-
311113, 300,000 101131 05311. 311. 11131051131101

35 1111311311, 131131 131333313131311311 3113331511, 3 1131133 3 311131. 1111. 1111330311 3113133333131331
1113311. 1111. 31133113531311 1353313 31333113311011 1313331.

5331113311011 35 533111333ῑί 53311311331011 5331131
31111333311 316.

Az 333311311353113311 1131310301133 111113 van
33 3313135311ὃ3ὃ11 53311113531 16131131110361113
111331, 5ὄ1 3113311336133 111113135311 13533311 3301131
a kormfiny 31131 311-3 31113131353113311 1531311

 

 

 

Κὸ13135311 1011111113 33 33331131135311 33133-
35311 33 33331131133351 1131331331 1131311113
131113 3311111131 5333313333 3 hdnap alan 111133·
13131, 11031 3 13113131 33353 135313311611313 31)
53333131133311 1133331353 3131051113 van.

Azon 35311133, 113 3333 11131313135 meg 11331

 

 

 

11) 11013110131· 11311311 Κ31105ν31113311311 az 1872: XI. 1. cz. ¹, §-a.

