308 1871 .· XXVI. t. cz. Kiadataqi 5231261135 Olaszorszlzqqal.

1338313133ῑί 32 31113113311, 1381· 131110113311 31108313531 1111313111 113131, perbe-
108351 1131310231, 11381 3110831351 13311316 111161 par-anes alapjim, —- 3203 131-
1313131311, 11081 32 0111131011, 3131131113 111131110235 1611331,138161·111311111116
31311 3138111111135533311.

xl. CZIKK.

Lopott vagy 32 3111311331, 1381· 3 13111011331 1310811111 13181311, 101311113 a
111131311 1381· 131538 311161·313531·3 113523311 523152331011,35211626Κ 35 minden
381311 111203111311011, 3 113108011 381· 33 11131131353 311131313131 313113311611 35 pe-
dig 3138 3203 35311133 15,113 3 11131 3113311311 11131135 3 131110113311 1131313 13811
1113852611353 311311 3331 15 10133 1083331051111316. Ᾱ13113311611 101311113 311311-
3203 113501116 131313523111 13181311 15,11131131131 3 13111011 3203 0152381133,
110113 31333111111, 3313133 1111311311 1381· 1313131333132311, 5 31311311 35311 11356111)
131311311311 meg.

Η3131311111 523313113113311 3 133133132311 13181311 113311 10831 32031133 311-
5381133 1311313311 35 32 111316 13181311 3 1111313111 13811 1315381 3113135 ’1131313-
2353 11133, 310805110113113311 1311311113313533 115523311313311.

xu. CZIKK.

A kiadott 1181333311 3110831353, 311311353 35 315231111353 31131 01102011 1161153-
831131, 1111331131 3203 1161153831131 15, 31311311 32 31611111 32111111133 3111111311 131·-
81311 31311353 1381 1155231111111353 31131 011021313311, 53131 1311113133 3331133111
,523126116 131 13383 1311323331.

,12011 353113,113 3 13383133 1316 523111135 316316531111331113131131111ῑ 32 111316
18133 3 11131131351 1111336 110113331· 31131 kij616lend6 11111616113 sog 11131111, 31311
35311133 3 113163 13Ιό 523111135 1161153831, 3 11131131 151 1111336 110131331 ’11131
1311321313311.

xm. Cluui.

Η3 3 1113835 5231261ἰὸ 131311 3811113, 3 3135111 31131313111131311 13116 13111111
111113118313531, 1381· 3 1111313111 1125831131 1113835211353 138311 381311 1111313105
elj‘ 11351 5211115383511311 131· 32 35311133 32 01352 1111311538 1113131135 1313111132151
1611331521113 13523161 32 3115211131 1381 3 11138131 138131561111 1011331521111132
35 1152031 1113103131131 111011 3133 81131356 13131311 11ῡ1113311611ς3 3138113135311 113-
11Ϊί1518011 [131118 11613135311 3 11311 1111313105 31131351 3203 015238 1111133131 523-

11111 10833310511331, 31311· 3311 1311113133 3 13311 131131183113116 1381 3 1111313105
6 5313111113 31· 35211621311116

xlv, (zum.

Azon 35311133, 113 3 1333 5231331135 313813133353 1111331313311 ; 32011 015238
1101133313, 1113111132 3 13311 1111102111, 1315261113111113 321, 11081· 3 1335111 1101111331·
31131 110223 13132311 13111113511311 13131133 3138.

,12011 35311133, 113 3 13113 1135211311 3111311102111 32 11132353311 111381313131ῑ
⁸nonna! 3 52111153 835 111131 1113111131 1311111111 31, 5 32 111316 1101313111 011 111111011131131
11103 31381131( 11022· ’111 32011 maz-isi 35 13116211011351 1161153831131, 111311 311 3 11138-

1131356 31133131131, 313101518 35 3 13101131 1311311131102 1113113, ·152111153835
1155238 3111138321· ,53 menen 1311323311611.

