300 1871 .· XXIV. t. cz. Kiadatcisi 3231261133 Svdd-Noevdyomquqal.

31611111 3211111 31131111311311 1113631111611, 1381 115523520183113131111611, 53131 1311113·
1311 minden 3113111 111383 115311.

Α 523111135111611538311,118γ 521111311 3 1311101111311 1381 3 131111311111311 131-
81131111311 5231111353 31131 01102011 381311 11611538311 38)* 1131111311111 3113111 1316131311
3 111311351 11316 311311101 1311131111.

Oly 353131111311, 113 3 1311831311 1316 523111135 3163165331113131131111ῑ 3 111-
36311116 381311 3 111381131356 1101111311)1 31131 11113161311116 11111616113 11131111, 5 3
1131613 523111135 1161153831 32 111611111 11011113111 13111313 3511311.

xm. CZIKK.

Ha valamelyik 3113111 110111131113 3 112583131 13113511353 138311 3 11135111 3113111-
13111131311 13116 13111111 111113118313531 1381 11311111 11135 111161 3113135 1083113105113-
531 1313113 526115383511311ς 3 1381161 32 1113131135 1611311152311 1381 32 1113131135
11316538 13523161 (11111011131131 111011 111381131356 13131 1352 1111323066.

Α 11138113135311 3113111 16113111523113 1381 113165383 11613135 1331111 32311
11138113135351, 32011 015238 1611311131 52311111 131135113111, 3 11131111311 3 131111 111-
11311831311116, 1381 3 1111313105 3531311111311)1 13113511311116.

Α 131311 321111111311 1113811313102011 3113135 31131 01102011 11611538311 3 52312666
11011113111011 13523161 3 Χ11. 3211111 1311113111323531132 11311351 10811311 11138-
ίρΓίῑῑθῑῐὶί.

XIV. CZIKK.

Α2011 353111311, 113 1313111311 131111 5230131135 11138131311353 52ῦ115383553 13·
1111; 32011 3113111 110111131113, 1113111132 3 131111 131102111, 1315261113111113 61 3 11135111
3113111 110111131113 31131 1311 1311111135 1311351135313.

Η3 3 131111 3 13111113511311 3118311, 3 5261153835 11113131311 1352313 320111131 111-
520183113111311, 5 32 111316 11011113111011 381313116138 11313102311111311 11138 32 1113-
2351 35 13116211011351 1161153831( 65523831, 111311 3 111381131356 3113111 31131 32
111316 13111111 1352313 3 131015381102 35 32 1116235 1311311131102 111311311 1123131166,
13131111111 3 1352111113 31613811311311 36311116 65523831131 15.

132311 1311111131 32011 1116 31311, 11118 32011 11311311 1316 1116235611, 3 1101 32 61131
111113118316 11116 1111313105 311313531 131135111, 526115383511311 13131131111, 1381 [131118
-oda- 1381 11552311132351111 31311 531111111 353111311 53111 52311311 1313111311 32 idel-26
1311111351 1113831626 35313111113111 1111311 3110831111 138)1 2311131111.

XV. CZffiK.

A 131311 38132538 112 113111131 32111311 1311 1131311113, 1111111311 32 111316 01523-
8011 1611311131 31131 1113811313102011 3131111311 11111111131131311ς 5 32 111316 1101-1113-
{¹13¹}ss ἓξξίᾒὲξθκάώπὴῶ 1311 1155231311351 1111131110231 111311, 11138 1131 1161131118

, y .

xvi. CZIKK.

Α 131311 38132538 11138 108 316511131111, 35 3 1113831651135311 1131 1131 1310111353

31311 1381 113 13113153835, 11138 316111) 510311110111111311 ki fognak 353131131111.
Ennek 1111313111 321 111111111131 131111313111132011 3131113 35 113053113131 3113113.
Kelt 810311110111111311 1131 pffldimyban 1868. junius 2-2‘111.

Gro'f Karnicky Lciszld 5. k. (P. Η.)
Μαηάενείνότη 5. k. (Ρ. Η.)

