1870 .· XLII. t. cz. A kdztdrvdnyhatdsciqok rendezeiserffl.

113310 3303 3331110111 3033013310111101, kik 01·-
533331111351 13311531013135313513 1030511113 1133-
nak; 113503 1313 13531133 331113 3 113135310 110-
303533 13135310111311101.

20. ἓ. 8130115331 133 3113131133 3313 lebet:

a) 3 ki 1131 05 01113531 3313 1311 ;

b) 3 111 3 10113313310533 1311113133 1333131111
1131311 013 3313 1111, 113311 1131133333γί 1110 013
011 3313 1311111 35 31101 nem 11331;

3) 3 111 3 10113313310533 kfizjavadalmait
3353031131Ιί 11331 3 10113313310533331 1335 533-
13311351 viszonyban 311.

21. ξ. Α 3130115331 133011 5331331 3 101113311-
11310533 131105313311 533313 53333110333, 1. 1. 1131-
ἓῗιῖἒῗῗὲὼὲΐθὲἒῧω ιέῗὶἓῒξῖξῗὲἒήςῗδ Ῑέἑῖἷῑ
13113333011 1131050111133 minden 250 131105 3133
331 3130115331 133 533311113131.

Α 1113011533 1313531011 35 3313 1313531011 lag-2
1313311 055335 533133 33031133 101133133105331
103331 13113333011 131050111133 48-331 1131353111)
35 400-331 10111), 1335 101133133105330111133
ῗὶἒιο-3(31)113113531111 35 600-331101111 531101 sem}
e 31. 1

22. ξ. Α 13310111) 31101 11331011 33ν133γ301131
33 3003113131011 1111313105 1111331313531 31311133
minden ἐν 13331131 3 10113313310533 1311301351
11313531313313 3111113 05533, 1111110133 13331113 ki.

Az 133301351 1131353113331* fin: 3 1103310135
31131 egy 31113 11313531011 5 1331101, 35 3 10151133
31131 3 3130115331 133011 1103111 5313133 331 31113
11133133311 3130111101 35 3 1331101; 31030013 3
101133133105331 1331130.

1111133135 1131310331-1103313113 33 31301111315
133 1313313111 5301153335.

Α 11313531133311 3 1111113011 05 111311331311 33-
301103 31111330533 131113 11135311 5 3 1333311331-

 

213

Α 1311 113311 atyn 31133130013113 3 30, 11313-
31131 3 1115110111 3113131311311 31131330013 15 113533-
131133110, 113 3 303311 113311 3 111511013 gyerme-
keknek vagyonz'ut kezeli.

Mindenki 35311 3311 10111331’113105331 1113011-
5333311 131131 13313ς 33, 3 111 101111 10113313310-
53311311 103 3 13310111) 311331300111331011 5013113,
33031011331111310533 31301153333311 1353 13313,
3131131 maga 13101 ki.

11111103 1131133 113311 10111133 113313311 113503-
313331153311 3113313301, 33311 1103011 3 5015113335
11031; 1311103 1131113 3333 3531 01133 33133311
11031 10111111 310, 11111 1103111 33 331111 33153313533,
3 1335111 [131113 110153313533 53313110113113313110
10111133 1111113133 3 313011533113, 33 31011111 1111
315033533331.

Α3, 3 111 01 311 013 33 0153331133 1311111, 10111-
1030533 31101 11331 5 1335 311313331 3331 31311-
131013, 3 50113311 133331133113533313101113311-
11033511133135 13133113035313 3033013313311 13-
1113133110.(3)

24. ἓ. Α3011, 3 kik 3 23. ἓ. 11331331333131
13331113 venui kivzinJ'zik, 33 11135311 13113133 31311
33 1333010 1131353131331 31011 5301131, 113311 1135-
1133 131331113331, 5 10305311533111131 13330131
11013135311.

Α 111 nem 1313311133311, 113311 1030531153331
13330131 3331 131113, 33 3110 1131533135 113533131-
1353331 1130133133313101 3303 3311 31113103113
3135111.

25. ξ. Α 11130115331 133011 1313531353 1131-
133313111133, 5331311333, 1131111313111133 35 3303
101133133105331 103331 13113333011 ν31050111133,
3 313113111133 3 11313531011 533313 3 600-31 1333-
113131113, 113135310-113101313311131 35310301131111.

Α 113135310-11311113131131 33 3311335303 1311030
1103533311, 111310133 3133311, 5 3 1313531351 10113111

10113311331-’3311311311011011 13133135 1115313131133 111131013531131 3 1011133111310533 13333 313111113

3 110331101353311 133331051ῑρ5 133311331331311312)
9-3. ξ. Α 50113311 133331131111353331 35311 3

’ 10113313310533 1311113133 1311110 13331133 11331103

5 3 101133133105331311113133 3111311311 10113113-

1333. Egy-egy 113135310-113101311133 200 1131353-
3¹13:- kevesebb 35 600 113135310331 101111 3313

011133 1333013105 13311313, 313113331333131111

13111 055335 3313335 31133130013 35 3 5333131135 900 113135310 1311111, 1111103 113135310-11311113131

1131353ῑί 3110 113131111 533131135113ς 1011311113 az
31131111-, 1313133311, 11035331- 35 1333331331313-
331311 1333131, 3 131101333105 311303131311 133131,
3 1011101131- 35 1335331113531011, 3 13111353311, 33
11131- 35 1131351131131311 1133131311 1131- 35 11111-
133131, 3315313133 3 1333131 3113131133 3111331135
011131131131 31131011; 1111101011, 0311311311, 011105011,
31313011011, 310315331353311, 5311353311, 1133113-
53011, 3111353311 35 33333115313113311 055335 3313-
335 311331311013 113153313533 5331311131111.

 

11) v. ὃ. 18731xxv11. ι. cz. 11. g,
12111. ὃ. 30, 37. gg,

 

 

13111. 0. 24. §-

‹4› V. ὃ. 91. ξ.

15) V. ὃ. 1870;
t. cz. 2. §-

33333.

113 3 1313531011 533313 3 600-31 13333313313 ;
3 1103533 200-000 ν31353101101 31-113135310-
1131013131 31110114) (5)

26. §- Mindon 113135310-113111131 35 3111310131,
1311310133 113105 5331111133, 35311 333111 11130115331
13301 11313531, 3 mennyi 3 3130115333311 1131353135
313 350 1331311101 3 11310131 113311 31113111131113-
13531013311 3 10113313310533 055335 11313531011103

XX. 1. cz. 7. §.3 ¹876: xxxnl. 1. cz. 113„ ¹7. §§.; 1881111111. 1. 33. Ξ. ξ.; 1884: VII.

