1871 .· L. t. cz. Keresk. 33 hajdzc‘zsi szerz. α 0111131 Ιιεόκεάνεαεάςςαῑ. 465

lv, CZIKK.

Mindegyik 333136116 131 1101311131 3 11133111 13111131311130 3331113113111 33 10131-
110111111 131110131311311 1131303300 131133 0113111131 0131111 33 31133111, 1113111130 3
1131161111 1101331011 1333331110311ς 1031111 113133333 33 0133136333 133311 3331131100
1310111310311 33 111316 013333011 1611311133311311133 33 minden 33311130 113113113-
1131, 113133331131 vagy 11311031)1 16113ογ33 113111161131 1313333 3331101 11333031-
11310311 3 3 13331130 3 031033113111131 33131116 1030113133 111131133301131 311330311.

V. CZlKK.

Chile 116313133333 3300011313 3103311111313, 16111- vagy 11131131111301313 33
03311311-11133131 11110631001113 1316 113111311111 311131013131 33 1133001 33 03311311-
11133131 monarchia 33100111313 3103311111313 16111- 1331 1113113101301313 (311113
116313133333113 1316 113111311111 3111311113131 0131 nagyobb 13111011 0301 161131611,
10101 3 melyek 1131111311 1113330 013333 11330016 331111131161, 16111- vagy 11131131-
111311131161 13130133 113311310311, 133)1 16161130 1030311 1133113101. Ep ugy nem
1611131611 11133, 1331 01333331111 13111011 vagy 11131311311 3 333136116 131311 3311113-
0311 11111011311130 133)1 13111131311130 13130131)1 33111110311 3 11133111 131 1111101131113
1331 1311113131113 1316 11111131313, mint 3 10311311 0313113300 33111110311 1131013111
11133 1113330 013333113 1316 111111313031 01031 1331 16161130 3336310311. Nem
10011316 11131001 313 1131103111 3103311111 16111- 1331 1113113110301-111111313 3 3331-
36116 131311 3311330311 13111131311161 3 01331113113, 113 33311 3 111310111 11311113111 11133
013333 113300030111 310331111130311 16111- vagy 111311311030130311 11311131313 13
33131301 111 nem 1311333131111. Szintugy 113111 111111316 11133 1111311131)1 3311111
111111313 3 333136116 131311 33111130311 13111131311161 3 11133111 131313131113, 113 03311

3330 111310111 1131303300 33111110311 minden 11133 03111331 131111313113 1316 1111113-
1313 13 33131301 ki 113111 1311311.

vl. CZIKK.

Sem 33 331111, 33111 3 11133111 333136116 131 1111161611130 03111 161131611 3 11133111
013333 11316113 11ίί0601331 11311111113 1316 131110131 03111111 10003-, 11111616-, 131-
1131303-, 11133116-101001-, 13331331331- 1331 331311 11330016 133)1 0133131316
11311111 113130 0313330116, 31131 3 11011113ογ, 31131· 11631133111331611, 133111131311
1331 113110311 1013331311 03131130 1331 33011 131313 33311311 3116333011, 113 33011
11330016 33311130 03111 101310311 3 1131161111 113161113 13.

Η330016113ρ 03111 1311131611 3 3331361ὶὸ 3113111011 33111131130 33111 bin-moly 13-
111011, 13111311, 103333011133011 1331 1113110311 313 33 331111 013333 11316111 3 1113-
sikba 1131111 1331 10331111161 1111111 31011, 113 3301110311 3 03103311 1131611οο 1131111
1331 1111111 1131303300 31011 13 33131301 313 113111 1311311.

1133111 3 111311 01313311133311, 1111311, 1030133333311 133)1 kedvezme'nyek 303311-
13111311 3 03013311 1131611οο 113- 133)1 1111111 3111110311, 0313033011 3 11133111 3331-
36116 131 1131610 1611301 113- 1331 111111310311 13 10333601131111311 1311101310311.

vll. CZIKK.

Minden 3311111161, 1113110311 113111313 33 03311311-0133131 monarchia 1311113-
131113 111031 133)1 16161130 16113ογ 3331101 103330336131111, 1131303300 113111311

Magyar Τὸηόηγωτ. 1869-1871. 30

