440 1871 .· XL VII. t. cz. Keresk. 05 hajdzcisi szerz. az 1111191111ῃί- ὲότίᾰνεαεὰςραῑ.

11133 3 1101 53013030 101 110153131 05111135 3113311013101011103, 05311351 31131 3
110313011101101( 5331133031113311313311,33011 1131111011· 11031133 131103110311311131(
05 101010110311013011, 011 101110 1111101(01,113331(31,131(13131131 05 1101101131 110101-
11013011 05 111111313311, 05 3 1110331111οη 33 01533505 1011031011 0350311( —
1111113033011111 31313131 05 101310310111101 33511133 05 1110513111οη 1101051103ὴο1-
11011, 1313111131 minden 310503503011 11310101, minden 11105 1111110530101 05 111311
533113303 513110101113111311. 530310110111, 1133311( 05 1313111, 131331131Γ ipat-uk 05
110105110110131111( 113050 10111310101103 1151333303 011311113105 1113105535010110-
3033111, 3101101101 33 111010 01533501( 1011031013οΙ 05 1033010101301 10513 3
30313011101101( 011033011.

111. CZIKK.

Mindegyik magas 53013030 101 113101· 0301011101( 1101051103011101( 05 3113131133
minden 11015313331( 533113353531133 311333 3 1113511( 101 1131111011· 1011110103 313-
1(31 1131111101 10331 1351· 1131111301( 013331, 5 1151 33 01330331( 31131 3 10103011,
113 0531( 33 0153351133 10333110 1011011101(- 05 53011350111103 1311131( 3135111131.
101105 5331133535 105 0350310131, 105530111 10110101011( 310531131111353 05 3 110105-
1103051101 111 30111 1111011 13131( 05 3130311111011 3131131( 310553311353 1101111, 31131
10510301( 3301( 3 53013030 10101( 0511110301( 10111101οὴ0 1101110, 31(31 03333
1111110. Η35031011011 53311335353111133 311333 113Ιο10111οῑ 31(31 5301110110503 513-
11010131, 31(31 3301111311 1015305111( 53011111 1131313311( 53031011011, min6k: 311111-
53011, 115110301011, 1151301101( 3 351 10111130501( 31131 1113531131 110110110511101111,
3 30111111 hogy 11010103101110301( 0110 11135 53031011 01101 1135333131, mint 3 1111101
3 301113011101101( 113533313311,1·351·030111101( 33510111) 11011 1351 1313111131 11301111,

31131 3 1110311111 11350310 05011103 3 30313011101101( 11301303οΙ(ὃ

1110211111.

Mind 3 1101 53013030 101 11015·’1131 05111135 31133110111101013 105311( 011031051-
1050 05 10301310 10111310101101 533113303 05 301103505 30111111 1313111313311 3 11110-
s·'igok 010, 3 101103101131131 310511131111011 31133011 1011033103 1101053131; 05
53111335153111113311 11113303 05011103 11511 0301101, 1151053οκ01 1351·11311111301111“1
101101115301113511150101(οῑ 05 10111130501131 1015305111( 5301131 1135333131. 151
03 1131111133 1111111 mindabban 3 311 3 10553015311313513 1011311103111,1151·311-
3303 10501131, 5331133313131131 05 1(11·’1115·’1501131 1051311 0110331, 3101101101 3
301113011101101( 0110311011 1351· 10101103 01103111 1053311, 05 501111111 05011103 30111
1053311 11135 1··351 3135353111) 111010110113011 1351 11011101150501111011 31313 10110131
mint azoknak 111011· 01101 3 301113011101101( 1101010501( most 1351 10101103 fizetni:
1011010 10131053010503, 11051 3135111131 33 111010 3113131.01·11101011011 01103105·
1011031011- 05 103301010113011 31310113. Η350111011011 533113353531111311 311333
531111505 0501011011 33 111010 31133101( 11011111131 05 1103153353135111310535311103
33011 101103101301( 1151 010313101 1311353 menen: 113511011 110331·’131011·11
1310331.

3‘. CZIKK.

ΑΖ 05311311-111351·31 monarchia 10131053011 05 1113110111103101 [ruguayba
1310 beviteliik 311131313131 05 1153031 33 3135331131( 33 05311311-11135131 11110-
331031113 1310 be3itel6kn6l, 30111 1051131( 3135 1351· 3135353111) 13111011 313 101-

