1871 .· X VII. t. cz. Vasuti 3332οἤ31131ρε Ausztria 33 Szdszorsqu kdzt. 277

13323311 1313111033 minden 13331133 1311023111131 ingyen, 11311333 33111111 33 11112-
ν611311111 32 03211311 31133113 3231131111 31.

Α2011 636113, 113 32 311361131γ 13113313 31311 3 113213 1316361631 3 1131611131611
13116 33 1133131011 1311632133316 613316163 101113, 3 1111. 32332 110131311γ3311 3163-
3131311 3 ρ31γ3 1131101111311 11332331313 3113333313, mig 3 1133131011011 11111111 3
13113 13 1311632161611.

Ρ31111131131111 3201111311 32 03211311 03. 33 1111. 311331113133333311 3203 103 13,
1103)1 32 03211311 1611116163 1611νὸ 1131113333 [131γ313321 mindenkor 131311 61316-
363161310111133 11133 3 1161611161611 11311333, 33 3113311 36131311 3133 11311316νό
1131331313311 (3211311163) 16311113 1611261336 31611611 1161311113333.

τ’) Α203 636116, 113 32 03211311 1611116163 1311νό 6111111611 1131131332 32 61136-
1131γί 1113 16101γ13 11133, vagy pedig 3163131133 31131 3 33. 33 1111. 03211311 1101-
mz'nnynak 131313033113 1161111116, 32 1121613611 3233 ρ31γ3133263 1633113 113113
1013131333 11331 1111Ιὸ3 63γ6231311γ 103 1111113131.

Μ13111131 13323611 11332113γί 1131333331 32011 31όά0231011 11331 10311311 3163-
egyezni, 3 melyek 32611111 32 33332 1131)·311 3 1331111131311 11626133 63211112-
1611113 1632611.

Η3 1113161 warnsdors 33 53111163361311011 111121 3 32611131γ323111133 1611131613-
1131 31103133 3211113336 31313111023311, 33)1 ilyennek 1316311336 1111133113113 1363-

63γ3233 31611611 103 632113231161111.

vul. CZIKK.

A ρ31γ33311 63611 1611116133 1311νὸ 1332311 32 013233 1131313131 ΧΥ31113110111313
33 01111311 32 013233 113131313 83111163331311011 11311γ31133 32 112161ν323133 3
111131γί 32332 311311113311113323313333 31131 33131 1131133333, 33 3 32332 311331-
ν331131γ311 112131316 113216 16333113 3231131γο11 3231131 103 1313213131.

Ennek 11313311313116 13110211( egyszersmind 3 pillya 16331311333, 3 pfflya-

311111, 1313111131 32 112161162613316 33 3 ρ31γ3 1633131133313 32111133363 11113131-
11011011 33 31331133011 3111313132333 33 1113311333 13.
, A 63611 3323111 ν33ρ31γ313133333 1 3233133333 megengedendi 3 32332 31131111
1331111332331333311311, 1103)1 32 111311ἷί 3 warnsdorfi pfflyaudvart 32111133 11332-
3311133313, :iis 6 133311 33111 3 32111133333 1121611 1161γ133361131 33 1131633323361161
3131136 en 1.

Ε233 viszonynak 133216133 61163362333 3 32332 311313133Ρ3ΙΥ3 133233133333
33 3 63611 3323111 ν33ῐ131γ3 133233131333333 11321 1111133113 11111113 63)*6231311γ11611
13113ῑί11 1633.

IX. CZIKK.

A 63. 33 1111. 11011333)1 ν3111111311163 116νί1611 3113611 32 112131 6133 1313261313-
3313 316311113111313 31131163363111 311γ3301113(3 161326161331 3 1631333111) 311316111-
11311 11316, 161131 32 1121611 13νί1331113, 16123 113321116161113 3 1111111 11γ61113131116 13),
33)*32131311 32 623316132316133611, 1313311111 3 ρ31γ3 1633131133313 32111133363
minden anyagokra 33 632113231113 113213, 11631 1111131111311 3 323320132331 311131-
31320113113311 311131132111111331 33 63γ311 butor-omisi 1313γ3113 1132113 13.

