1871 .· VIII. t. cz. A birdk 33 1111631191 hivatalnokok feleldssbyc‘rd’l. 247

keresetben 1611113 11110333 313 3313 331131111, 3 3 11013311 11116333 31131333 ily
33311133 3303 1131113333 kivfil: 113 131103 3 11333331011 333131131331 11331 mu-
1333133 3113] 01103131011-3 1131· 3 113 131103 33 3313 volt-e valamely 1611133133
113101103131131 3111311111316, 03311 3 31331311133116 633333 31331131310333313 330-
1111103111.

71. §- Ha a 11311 011036 113313113ιὸ31 1331 3131333133 13131 1117131311 1331133
1111313111 3113133 1313131 11311331, 3 1131031111 1313311 1313331333161 11133, 113113111331
1131333131 1331 3 1111313111 11311133, 1331 1131113 333311 11313133333 11133 11013311
11313103 (68. g.) 3113313311331.

72. 5. Η3 3 1311-13111331 1333113 33313 3 11313311316333 3 1331311111 11116333
31131 313331131111131011 (68. §.), tarwzik 3 11311331336 3 1131310331 1133113311333
31311 30 3311 31311 113113111331 1131333131 3 11013311 16113311133331 1333131133
3331131 1113131133 11013311 3116333303,1111Ιὸ311331103133313313111331311,11331131.(”

73. 9. Α 1111131113133311 10331313133 1611331 19-ik §-a 31311133 33 311331
31133 3113113 3113313311331, 1161313313330131ῑ 11031 3 1131131331133 1313131 33
111316 111131313011 1111313103 311363331133 13113 31, 133113; 11031 33 33 311313113
1331 16111331, 1331 16113313131ὓ 33311311133113131, 1331 3113313 111161 1131310-
331 31131 1011 131103031113.

Α 11311 1111131316 [31 1313331333161 1333; 33 3113111 311331 1131113133311 10333311
3113313311333 1133311 33 31133101 3 11311313311331 33131131113, 13131 3331131031
13331113331, 1331 1131113, 113 331 3331 13113, 33 311313 31133 1111163 11311 131111331.
Az 3113111 3113111131 33311133 3 13111011 10331113 1311, 3 011 11311133, 3 133111133
3313 31131 33313103, 3313 mint 1163131133 31113133 13331113313 3331 1011, 11311311-
13313 3113313333 3313 1161313311316.

74. ἓ. Α 1333331313311 3 66. 33 67-1115-011113111161111111 113113111331 1131331113,
111131311 1133131131131 1111313, 311311 3 2-ik 33 67-111 ,δ-0111133 31131311 3331331131(
3 33311331( 1116116331, mind 1131113 33 311331 1133131133, 3 72. ξ. 333133 11111111,
3131111 3133 3111101 13, 113 33 3 1131131113311131333131 3 111316133 13313133 31131331 3
11311 011036 333131113331 1331 1331333133 31116131333161 333311133116 331 31 31311
3133 3331 1311110113.

75. 9. Α 13133 1611331 33 3136 101133103333 11116333011 3331133313131 331-
1113111133 1311 3313111130) “’· · 1

Α bix-‘ak 1331 111163331 111131313011011 3331611 31116131311, de 3 13133 1611331
1131311113 131113 11133 1330133313 13133116 1133333133313311 11113131113163333 33

31111131 1611331311 3331131 113133116 1333; 33 3113133 33031133 313133161113311133
3331131103011 31611 3331131 1111133111.

[313333 311 3 11331031 131316333313 33313 13.

1.ἷὶ’ὲ13ἓιῗὲῖῖ“ηξίῖῗ,ζῧὲζῗὲᾏ“ἐ ἓὲἦῖῗθῖῗξ f{{{?-¹¹¹¹‡2¹'ss'1'f³{;{.{¹1¹12{‘3⁶⁹3223 ἑέὲῗ
113ἳᾶ 3331131131 3331111ιί 1ἕ11131333 11331 131Ξζκ311111. J J

76. ὅ. 13333 1611331 1331311311333131 33 13333331131311313131 111331111 1333.

(111. 314. 3.
(2) V. ὃ. 1871εΧΧΧΙ. 1. cz.

