242 1871 .· VIII. t. cz. A biv-ak 35 ὂὶνόεάςὶ hivatalnokok feleldssdqc‘rd'l.

40. 5. 113 3 1031011111 11116533 11253313101 131 52611533053011ῑ 033011 101105113-
5310 32 013611 vagy 3203 1611331523113011, 3101113011 110110131161313111111, vagy
valamely 31561111 1611’331’523113011 egyik 133131 kiildi ki.

A segyelmi 11116533 13313 ily 112533131131 50113 sem bizattathatik meg.

A kikiildfnt 11116 1111131133113 3 1311101131, 3 1133352161 35 3 133111131ς 02 1116111113-
kat, ha alapos 33301131031101031033 3113 33210, 1103)] 3 10310133 11116533
016111 310310103351111 3031 1052 10110153305, 1303 15 115110111οῑ1, 111031125331 3113-
den kiirfilme'nyt, mely 32 iigy 10111011135310 5201331, 5 32 655205 113101131 3
116213111613] 116211.

41. 5. Α 1162131116 5211111131, mint 3 13111011, - 113 3 11253313101 111331053311
131113, - 333311 11103352113531 111133113113. Η3 02 11331 11621111( 35 3 11253316
{virg 11621 11310313311111163111533 1331311, 3 11311135 101011 3 1031101311 11116533

3 102.

42. 5. Α 1162131116 3 112533131-1101010210, 111016103 1110335211350 11133 32 1131011
131013161 523311133116 8 3311 31311 11610105 131111133γ31 32 65520511310111131 0311111
3 1031011111 11116533 01361133011 11031311331Ᾰ1)

43. 5. Α 1162131116 1311313313 161611 3 10310133 11116533 11313102. Ε 1131310231
01103, 113 3 11116533 3 1162131116 1361113313131 0110311026103 32 0113135 11103-
521131013531 1131310213 el: 3 1162131116 3 3311 31311 10110111102351 113523311131.(”(2)

44. 5. Η3 13111131310231 110231011; 32 013611 32 iigy tiu-gyalfisaira 11313133301
11”12 ki, 3 31011110 311311 3 1162136161, 311311 3 1311101131 3103111321.

45. 5. 131110113311 133)1 31031112011133311 10331133 au: 32 1113211311)1 131010
11133 32 113101131 3 1111313105 613111133 31031011131031 5 3201131 1013350131.

46. 5. Α 1313111135 52611011 5 32 1868 :Lm 1. 02. 103., 104. 35 106-111 523-
11352313311 1110113131 1162611 1111113305.

d 47. 5. A 1311113131023111311 3 13111111 35 52311311611 310311132101350 15 01103-
0103116.

Α 1162131116, 1313111131 3 13111011 1030511113 van 0203 1131310231 11133 15, 311311-
32033113] 05311 313131313513 1111326111131311116 0156 10131103, 11131111 1333113311
11010311013531 113101310231. Ezen 1131010111 101011 3 11116533 11313102.

Α 161133105οη 310311132011 13311 3103 3031 1010335 050131103 32 1868111117.
1. 02. 206-111 5-33311 sulya 313 05111.

48. 5. Α 1313131351 32 013611, 3 1111112611 iigy 31033ον02353νο1, nyitja meg.
Ε211133 3 40-ik 5. 0501311οῃ 1010113513113 3 1125331311 113101131ς 1131113501101
13132 3 131110111102 5 0501103 3 1333111102, 523113116111162 133)1 3 [13335216 1311102.
Α2 0111611 11133 3 1111311 15 1011013οΚ 1131113501101.

Α 1162131116, 1313111131 3 13111011 32 013611 111133 5213133 1313211013011 1131113-
501101 mind 3 1333111102, mind 3 523113116111162.

49. 5. 8010102101133 3 1331111 11111311331353, 3 1162131116 016101105211 3 112533-
131 111οᾶ3133131 5 1361113311 1052 3 13111011 1011303135310 1133)1 3103116310135310
5 32 31611111 05011103 3 1111310135 301110, 5 113 02 3332333101351161 311333, 32
655203 11331 15.

13203 1311111’311)’13 3 13111011 13135201.

Το1311111 [101110523113011 111305 1101)’0.(”

50. 5. Α 13111011 1131131101 15 11021131 13333131 3 13131313513, moly 05011103
3 1162131116 13111313 mind 3 13111011, mind 32 11311311 131352011131.

(1) V. 6. 590}
12111 §4 ιη’ 051113; 1891;Χ1ἸΙ. 1. ez. 61. §-

