270 1871 .· XIV. t. ez. Az eperjes-tarnowi vasutrdl.

0) Ept‘iletek, pa'lyaelzcirds, jelze'sek. 101131 3 1311301011 011οη3011, 011111033115031103
10533011 0053013033011, 11031 11053013051 011011οΚ
Az 0110101011 1101101 1105311033011, 1111010 33 33 03303011030111033111055331103 1110110 13011-
313131113131131 05 3 11150111) 13011011011010101101,Ι 10130111113100,(Ὸο111010.011.Ι1011115οΙ103.
13011011 31131· 1101101, 3113113110115, 30 minden-n Az 033030110511011 33 0310110531103011 5331-
050110 1103130331131 010311111131011. 1113533311 031 101311311103013 100330 3113333353

Α3 055305 0110101011 313111011030101 05 beon-l vilingosan megnnatik, 5 11010105 33 031011 053-
13531 1110101011 3 31.1111.311311113531311 53331313 1103011οῑ 3 110113331 31131 0110113311310113311 01·
11053011 5331113311313011 110101033011. 15111011 3131311331 3 1101313313311 11011131313330 5

Α 11013131113 30310 3 1101131131 03011 533111331- 03 31131 1101111031131113330 1011011 5301131 meg-
1313011101011010 01111051 1110301 15 1111331131, 1110- 103301111 05 33 111010 5301303050110101030111103
101οἕ 031103011031101. Mindon 311013351 11010330- 3 11011113311103 31113533135 05 1013333135 108011
305 10111011 3303 5330311011 05 5331113311313011 10110110531031.

5301131 010311113330, 111011011 33 311313 1101150303
1033331113 1011 10331011331 11350310 1311311313- 1) Α munkdlssgok minda-<³94
tokra 30310 310331133111311311.

I'gyanez 311 313131133 3 113113 01331353 05 A mi 3 10110511033011133113131011 05 3 5331111·
110113101353, 131313131 3 1013051 1105301011οΚ 05 33 31331011 3111105011οῑ 3131311311 111011, 0 101113101-
01053 1033530110 30310 15. 1103 33 0310301105 31131 1133133031 100330 33,

110111 33 0330301103011 1131133311 010311113531103

05 1015301010501103 5301150305 minden 31311113-

3) Ᾰῑῑοτηιὶεοὶε. 131011 05 533111113331011 1033131111 15 33311 05 011
1 031030110111101 1111133311, 3 111033111οΙ 3303 113-

Ᾱ3 011011051 0531131103351 3110313503 1111οΙ 50310 1333113131οΚ 05 533111131331011 11113311,
11103 1011313111) 3031, 10531103 11031103050 31103135, ¹ 13011011 33 311331 1101150303 [0113331113 10111033-
re‘eszben pedig 13ιρτό nesz ειῡῑιιιῑιιιιιᾱό. Ι 10111131 tenjesiuenek, iuetffleg szziniuattak.

Az 0330301103011 113113 Ε1101105011 3 113553Ἰ Α 1111 101311113 3 101105110330 1333113131011
0301110131 135113113131 110305 113113113131131 111-Ι 130311115οἕοί 111011, 0 10531103 11010105 33 enge·⁴
rand. Az 011011051 3110133503 3 5301150305 1101- 3οΙ105 33 0330301103011 1353131 011 310303 010-
0111111030501103 11110111103 3 1031311151 5301113131- 31111331 05 10153010131, 110111 33 131333303 130-
1103 5301150305 0311110305οΚ 15 05311031033011. 1 310113011, 31011011 egy 030153010οῃ 05 11333353-

Α 1101111 1033153311353 1031311151 5301331313- gosan kezc't 03101301 111031111331313311, meg-
hoz 5301150305 11010330305011 3 110113331 31131 10101103.

1111010101130 1101103 10110511033011. Ι 0311031 01101111, 11031 33 0330301105 33 0111·

Az 0110 13101133 101311113330 31103135 1131 1053ι 1051 31311 10111010 131103111 1111333303 1113311313-
01110110301130, 11031 311113 3 1311110 10101 110133 101131 15 103103311331, 1110101ος 3313301131
011110330 11011133-1011111113113 1103101130503 110- 5331111331, 13011011 3 1031011111 1131310331331011-
333311355οΚ. Α 0531131103351 3110313503 5301150- ban 010 3013 501011311311 113133, 30 3 13011011 a
ges 1101ορ11110305011, 3 110311011050 3110111350113311 113113 1011010105 05 0310110305 0103111135313 05
3 530115031013011 1303101010 110103303050, 1313- 10153010105010, 131313131 0310111010101010, 1011111
mint 33 01111051 313111101 3 131113513101101110 031011 110111503οἰ 05 131113131 11010330305010
1013113330 0553011 11331 3 1101111331 3 1053101- 53011503011013011.

1011011 010101105310501101 sog x·t'³g‹'erve’rnyesen 113- Α3 0330301105 11010105 01115301531133 33 03-
1310331. 1011 [0153010105 1110153111) 101113533313533311 313-

 

 

 

 

 

Α3 0330301103011 1131133, 130 3031 533311113 1010111053011103, ugy 5313103 az 0111011101530-
3 0531131103351 31101335 113311013351 1101033030- 101051 13305300111103 05 11053101ολ3οῑ 15 33 0111-
501, mog iegalaeibb 110111331101335 -13011011 1051 3111111101 13113101101 05 110133131101131 011
’011101103050 05 053131103353 11331 5313103 3 3111311133 11053010331, 3 111130 1113311133 33011
1101313311 11313103 - 010311113330. Ι 11053013050 11135 1131011103 1010 13531311331 530-

Α3 31101335011 1101031103 3 m. 1111, 3113131351Ι 113505.
11311311 53331331131331 5301131, 3 1101111331 311311 Αῑ 031011101010110 530115011οΙ1 05 33 01111051
1308311301131130 11055335331133 3113131133 011-. 31311 10111010 1105301303ᾶό 011135333135133133011-
1101 3001 11011 5301150111οι 1030305010 3108111133-
{nidd 111033115οε 33 0330301105 31131 3111-
133 0 010.

1101103 01111οη3011, 1101113301131 530115ος 53011111

*meg 101105503 1105533111111331. Ι

ngi! megjegyezlelik, 110111 3 3103310103 a
10103 0311030110305301 3 113113 01111050. 05 101530-
Α3 055305 031011 0531103011, mik 31311 05311 3 3 10105010 30310, 3 3133131 1111. 311331135113113Κ
131110051111131 05 10153010105501 01131011 31033οΛ5331113311313315111133 33011 11313103311 masi-
31011, 530111οΙ) -, 3103110- 05 1103035ος05, 110513-, 135011 010115(ᾞο5011 3031 1013331111, 1110103103 031-
101101- 05 1131105·53311110 11005111 05 1104111011, ἕο3011030111033133133 0111105- 05 1015301010510

e) lss‘zleteszkbzfik.

 

 

