190 1870.- XXXIV. t. cz. A Fen-encz-csatorndrdl.

3: 3 ξ380110331 31313351135 31131 113303331013 13331, 35 1353333 1111101013
313111ιῗιῃΙιῗεέ1·3333-353101·331 333311 1113331133 3 3013351 3111383518 3138305533331-
ωηείἰζιξῗὲἶιξιιῃρῄνηῄι 33 31501311333301 3113113113, [1311031133 3131 3 Β33333
383 33 031030353101331 3531,111313 — 113331 1313113333 31011, 0310335103310313
133 333113113113 - 331131) 3353113300, 3083 3303 13831333 3000 1113353131
13111311 33303 1313033301· 33311313 3313111 3031333033553333.

b) Az 311113133333 5331333313 35 333383.

11113133 3 533353813300 3333133333 ten-vei 13813333135311 31011 3 3033133113-
35 k6zl6k6d6si ministeriumhoz 3313333338335 138311 131131335313111103, 33
3383031335 31131 3011313300 3111 8333331 1113831131111131111,110831 3113113303 31111-
1113113311,313133Ι11133 k6s6bb6n 3033313131 05311 3330533 1383 31133 3313 13331
(3511111311, 53Ῥ303011, 31353311), 53113111 33338301, 3 10331 313131333311 1131118
(11111311, 13313133 513.) 3 3331333 3138131310138 13301 1353333 131311113311011.

e) A 13335310133 13313131.

Α 13305310133 1353131 311383503301, 1353131 3 3313351131 Β33338333 arra
313313135 533335331301 311· 33 3113835011 1333113 38331013 6 015331355383311
31131) 11131111 11138, 3131 3 k6riiln16nyekhez 3311351301.3111310

V 1331313 5383 3113311311 3 Duna 1381115333 11353133 31311 6 133 383, hog>
13313 3 1383383 033 1133011 30313330335533311.

V 1331 3 13110531οω3 3 5118011333301 1333111, 13313 113333 30113103353 131113-
1313301 3 131105310133 13150 101301313331 383 nyolcz 331135531 31131011 11331353
3111113113 131.

Α 33133333331 3113133110 1313133333τί 33113503 3833333111 01, 133 53313533.

Α 11330335 3111333333 3333 13305310133 53131311 3831 1338131310 5331113113-
3513111131 108 3113113131.

Α 13ρο5310133 3133133311 1310 1311053113 3313311311 113110 1338355383 35 138-
31333 1¹l2 01331 1101033 5331355383 101135 108 3111113131, 3330831 3 3531οω3
1133 3 133113113 1310 1011131131 3131353133553.

A bavacskai Dlnna6gnak 3303 5331135331, 31313311 3 131135310133 33313313
1833333 113111 13131303, 5313133 3133131333. Ε333 313311 Duna-medrek, 3531138
3 13305310133301 1111103 1133135333 538115383131 331133335313513 3111311335 11331
3131331333.

” Ezen kiil6n vize1·6sz6k 331353 33011333 33 3383031335331 0113131111, 31 33
11131013133110305011331 313831131111311110 3131533311 31311, 3 3131330011, 1113133113·-
33153831, 3 3133331333 33 31131 3 3330335 33113331 3313 5331111311, 33 elain
1331110333 30353133033.

Α 1333531ον33 3150 101301313331 53111133 383, 11331353331131 31131011 5331113113-
zsilip 108 3111113131 3303 3111033538831,110831 33331 3 11331353-33113503 5331113
33813) 1111 53313113ῑί3 1111.1Αὲ31)353101·33 1105533 5¹s2 1331110111.

Su 011333 0 1·3’53

A 03801ξο33 3303 1·6 533, 111313 3531013331 3353331131111, 11311033 108 11131311-
13131ς35 1131118 13333 31311 3 166nd6 313010333 16 6lnyi, 3 10331 13533311 1131118
6 01331 10313533135518333

A 1131103 5333 ’11303353 35 1311011353, 3 1333313311 330531353, a part- 68
1113010331· 31383313103353 11331 enged6lyes Baja 13105 11030353831131 5333311011
35 03311033 108 383 33331131.

Ηο83 3 13305310133 1133 3131051113 138333, 3 5380111333 13131383 100 01113113

