1871 .· XXXVI. t. cz. Consulsciyi eqyczme‘ny az Eyyesstlt-Allamokkal. 395

11313533011 3131113301135 minden 311311311 33111111 133331( 113 113105333533 111310-
511011 3131033111 31133313113.

11. ΟΖΙΚΚ.

113 3 130011531311, 003531011, 3100353101( 35 0035311 11313311311, 1131331131 33011
11330331131131 35 consuli tisztvisel6i 3303 3113111331( 30133131,111311131 1113311133-
1353113131311311, minden 3 sz6xets6g 31131 13133131) 31133113 1331 k6zs6gre·
1311 11310331 11353311350135131 3 1133531331133 1331 3331331315331133 11313 5301-
33131131 35 1335 1135033331ἰί 11313131311161 3315313133 minden, 31131 5331315331,
31131 3113311 1331 11335331 3313335 35 5333131135 3113 3131 3133135311 13533311,
1311313, 11031 13331133 1133103331 3331 11113311 35 5331 1131351131131311, 533113311
11313131 33111 3131101313311.

Η3 33331133 3313 30133131 3333 3113313311, 31311131 31331113313531131 31311311,
11331 113 3333 311331 33133131, 1113111133 13113311, 1331 113 31113331133 1133103331
11113311·1331 311 11313131 3131101013311, 31311 33 015333 1111133131 5331131 adonis
313 35111, 1131333303 3113113311, 13111311331( 35 11131311311331( 13533311 3131131113,
31131 11135 111333353331311011.

Ε333131111 5333131135 313313553331 31133331( 11111313 011 05313111333131131,
11131131( 3303 015333 1311133131 5331131, 313111133 13113311, 11331311311331( 131113-
1313311.

Η3 33 11131311 1111135113ὀὸ1, 113313111133 3 5331331135 1313113313135 05311 113135-
1131131131 11313133311533311 311311 35 3111101 15 05311 3 311333311113 33310 31133135.
311313305 1311331311 311313131133 3111311113311313.

111. CZIKK.

Η3 313033531011, 0035111011 35 33011 11330331131131, 3103353101( 35 consuli:
tisztvisel6k, 3303 311331 30133131, 31311131 31331113313531131 31311311, 3 11113533311
31311 1331111331 1313 3133131333513 nem 111331131311, 11113113 113 3 1311331 31131-
3131133 3 0035111111331115333 011 53313311 1333113313 5331153335, 11111331011313
ν3ᾱοΗ3ὓΚ.

11135 353131111311 3 1131111311 11113533, 113 3 003531 13335113113531 53311533353311
tauja, 33331113113533 103 31331313331, 11031 53311311 11103 1131133553 111, 11331
331 1113131135 1153111153131 103 1111111Ιά3111, 111 11351133 11333111 111 313311511011351,
1331 13313 113511311 31113111033131 103 1313 11113331.

lv, czffiK.

A f6consulok‚ consulok, 3100353101( 35 0035311 113133113113311 53333353331133·
103 3113311111131311131115331111 1333131353 131311 3313331311 0311113131 3 31331313Ιό-
«Ρό003531533» 1633531533» «Α1003531533» 1331 «Consuli 1131331153311131-
1131131 31113113331.

5331131153311111133 311 1011311113 33313311 1011033131131 3 0035315331 33313133 111-
13331, 11111313, 113 1131333303 1131051133 13113311, 3 313111133 110113331311 113131--
53 3 15 5331101.

8113503131133 131113311311311 53131 10110331111131 33311 1111131113 15, 1331131131 hiva-
131311 31311011353331 3 111113ῑό1133 113533113311.

