182

4. ξ. Α 113113 31-311113133131 131131 35311 331)
13333133 31031111331, 35 33331 313313131οΙ33 3
13311131 115313111353, 33131033 33311 1331033331
530311103331111, 3 1333311 3131310313 513311103 ι
35 3 1113301303, 331310103333 33 311013350133
31331113313111. Α 1333311333 33031133 13113131-
131 3 101033, 3 ministerium 333153333331 113-
133111 3 10111133ῡ13131 3133 31051 131 1333313
1353133 115313111331, 33 33331131135311 3333 1331-
133105 35 111103 3133311331133110 1331101135 3131-
1311 1013133131331.

Μ1113111 3 103331013 33 33331131133311 1033103
3331133 3013133311, 11031 33 311 1133110-1013113-
1313 133311010331131 90 3333 0. 3. 10313101331151-
1133 13111111313111, 31103 33 3333113113531 3303 1
1003031101 1331113, 1311103 33 3113131 1331310131οἼ
511351 1011113 13331113 3313 1353111, 3303331 1013-
135311 minden 133131331135 3311111 331 313511
1333311 Ι31313131; 3113311113 33 3113311 hamat-2
biztosiuis 1333)·113131313331 111313 31311, 3 10333- 1
1031 301313013331 3 13131513311131 1333111133113113 :
3 1113501111 133331 310311113531, 3531 11031 3333 1
35311133 3 3353111131 13103 33133533 31133103331 ι
33 333303113531131 3133311331113131.

5. ξ. Α 313313131011 11111313331 33 3333113113-
531 31131 3 1101311330 3111113305 3330533331101
13533311 1013133001. k

3) Αῑύρίίτπέηῃ. ²

 

 

 

A 313113131331311311351 1153031 133133 331·,ἶ
13131 331 311 3 533311353031111103 (1 : 125).

A kanyarodaisoknak 3 3111111311311 300 313131·- Ι
331 11531111 13131313εο131 33111 53311311 11133101. 1

A mennyiben 33031133 3 minima! 1313131030 ,
35 3 maxima! 3313113335 311313133353131 3 11013- ι
110133-11311353311 10331533135303 3333113133311
3331 1333131 53015333113133331, az 35311133 3
1333 31333313303011 1313113330 3 31030011 533113-
5303 31133330331131 3531133 3 1103313111 11313- .
33133353131, ‘250 13313333 13533111111310, 35 33 1
331311311351 1153031· 33)· 5311331133 (1 : 100)
1313313111310. Ε333 3131111331 33131130351 11530- ·
3101 35 1331153111) 1133133313ιί 13131313301 311131- !
31331131353131311, 311 33 3311351 331133533311011
1333 - 3 10331331 11313303.

A pissyu szabailyszerii (normal) 1333531533113- 1
313133 33313 3 1131333501331 35 10113531331 3 =
13133310103 35 3301 1031 3303 5331131101 35
533111331331301 1013133001, 3131131 33 311333.
1101153333 1033331113 13113135011333113 (111510133-
Β333313) 1033101331 313331133111311311, 5 neve-r
3313533, 1331131 5333131 3 nima 10303353311·5-.
5333, 011, 1101 3 51331 3 1313133131115311311,33,13- ,
335 1033131333 3.1, 1331333131011133 114 mes-1
terre 11313303131011.

Ε333 53311133133130111131 3133331330133 11311
3 110133533131 31031111331, 5 333311 3303 11101133,
1311103 3 1131131331331351 1011533313311 33 1131311
533133035113 131131313 1331101111, 3 13111131 11310-
11353131, 3 133353153311331· 533111331011133 3133-

1870 .· XXXIII. t. cz. A battasze‘k-dombovcir-zc'zkdnyi vasut kiepitesfflvl.

11313303011 1333131131 1311 1113313, 33331111111333
33 31111351 3133 13311333 3 113113 1105533333 33-
1133133110111331131 1333131111 300 1003131333ῃ·
1313353133311533 31131 13313131101335 helye·
333 0 31.

A 310311113133131, 3 1333311333 3 33113 133-
3355333 331 3133333301, 1101103331101, 1331 10-
133331331311331101, 5 igy 3335333 1033133001
3111133001 310.

Α meum-iheu 3 113113 1333355333 3333 5333-
133313101101 3331 33331133, 3333 35311133 ugy
3 13333113133131, 3111113 33310111) 1111131 15 35
minden 113113 [33113111 3513131ῑί 1111131 3335333
131101 13531133101.

11) F ele‘pitme'ny.

A 131331113331· 35 minden 31131335331331 310-
31111353, 111310133 5331111353 10331, 1313111131 3
5133131331 33 31101335013313133303335333 33313
3303 5331131101 35 533111331331301 1013133001,
3131131 33 311331101153333 1033331113 1311313-
50113331111(Μ1510133-Β333313) 103313133 33313
13333113311131131.

A 1113301331 3 1311131 1113330133 1013113001,
33131113311131113 10131- 1331 3 13311330331131111
33335333 5333131 13111311 (113331333311) 1131113001
13531113553331 35 533111113553331.

Α3 3333113113531 1101313531 3 33111 [13113 35
33 3110133501 51311131331 310311113531103 533153-
335 131331131331-331330103 111111 3331331 3133
3311 5337313131, 1311113131 minden 25 111330 3133
1333131111 331· 131135 1111330 35 1333531133331
53331333131 15, 33 33011103 5301533311 1313131131
3311111, 31131133131313313301 33 31111351 31331101
31031111331.

Az 3110313501 1113113113331113133 33 33353
3311330553 10 533331313331 101111 3331 103 11013-
13113131.

Α 1313311313311133 5331153335 311311333εωῦ
1353313301 35 1313311313311 31331 135311313313-
131 1101313531 33 333303113531 1311310133 1131101-
1103 3353333331.

A mennyiben 111 3331 3133110 3133131011 311311
3333 3313301 5331111353 530153313333 111110111-
301 35310301131331, 33 35311133 33133531 3 113-
53333351 hely 133111 33 3333113113531 35 3 103-
133111 1031 33133533 1103311110 13133, 313533531 a
1311010101 5331111011 33133011 35 31331 1353111113-
3131 3133 1330 3330331311 133] 33353033 33
33330311351131 10333 133113131.

c) Epeileeek, pdlyaelzcircis‚ jola-'sela

Mindazon 3311131311, 3131131 3 1031111351 35 3
3111113111 5301331311103 53015333531 - 1313111131
33 3150331111ἰί 131131311 3111113131 35 3 10331331
31333113311353 5333131 1331 3335333 101101 133)Ι
1131113 333311113133·13Ι31113Ι (11133311133113) 3111-
133001 31οῑ 53131331 minden — 3 1131153331

