156

1870: XX VIII. t. cz. A nyirethdzwmquri vastet Κὶέρὶερεἐνόὶ.

3 1311111111 1111310133 1018113001, 031011110311101113 lat, 1013111111 3 11113111351 31011011011 0101131111
101111, 13111 3 legkiprdbanabb 10305101· 5101131 5111115011οΙ1 0110101011 05 0110300105οΚ 11331 3 1101·-
10111011 (imprimam) biikkfaibdl 1105111105503011 1111131103 1131310131.

05 513111113553331.
Az engedielyes 1315111111 11010105 3 111111 113113-

Az 031101101101011 10331011 (3 1101 1033001335
111311013351 0010300105011 1110 nem 5131111113)

3311 05 az 31103135011 51331313311 010311113531101 0110511103 1031011001) 11310111 111311011135 1051 010-

5101150305 1010311111031-33131101103 1111010101111011
3103 egy 51313101131, 13133ιί31 minden 1ὶῦ 1111010
31113 1033131111 081 101105 1111010· 05 11010511,-
133331-510111010101 15 31 3110111101 51011503011 13111-
13111131 0311111 111131 131131013313801, 31 01111051
313111101 01031111331.

Az 31101335011 111011011131131113113 103101101111 31
011051 113113110551 10 5131310113 tog 1101010110131.

Α 10103113101111101 5101150305 1111311033οω11
135331330105 81311 101310110511111103101101 11010-
105 31 0310001105 13153131 1011010108 3 1101101303
51010131 be.

A mennyiben ki nem 01011110 3133131011 1111311
0103 33133011 5131111353 510115011101103 11011010101
0511101011013011, 01 05011103 03110511 3 3051011051
11011 11331 31 0330001105 13153131 05 3 1101313111
11011 01101503 11013300 10110, 133510511 3 1101-
10Ιά101 5131111011 33131011 05 gyani 110511113031011
111311 11110 0030131311 vium 0110511103 31 01150110-
1105 1315313101 101113 101110131.

 

0) ΕρεῖῑείεΙε, pcilyaelzcira's, jelze'sek.

Mindazon 01111110105011, 3 13011011 3 1031311151
05 3 1110110111 5101113131 0101131101 511111501101101-ἳ
3011, 131311113131 1-50 0511111111 [01101011 011010-
1011, 10310 0111011. 3 110115011οΚ 1101101103 110ῑο-1
101103 101110 011111οῑ011, 3 1101313111 1131310131311101
110ρο51 1331 01105103 1101101, 1110101011 1011131101
13111 pedig 110131101130103331313131131 311113300111
010. Α 1011111 0110101011 mind 131101, 111130310331131 1
1103130131131 0111103001( ki.

1111311011 31103135100103110105 31011 513111331011
05 51311131111311011 5101131 3111131100 010, 31011011
31 1111331 1101150303 [0113331113 vett ll-odrendii:
(Miskolcz-lssainr12x·e) 10331311331 113503 munkaila-¹
101113 30110 31011311311111311311.

11113301 1111 3113131133 3 [13113 01131353 05 1101·-
131011153, 1311131131 3 1011051 1105111101οΙ1 05 31
011051 1011051 1030510110 110110 15. ξ

1

d) Anomcisok.

A 10331 3 1151311110111 135111 3111031113ῑί 3110- ’
1113511331 10511 1101110101 05 31 13311131· 1110110111
0531013311,7 1011011. A 1101 101131101335 11011 leg-3
101101111 310101 1101003050 11110111115 1051 10131Ιί-
13300. A vontataisi 5101113131 0101111113 5111115011011
0110101011 05 01101100105011, 1013111111 a 1113111351
1303011011 31011 311031115011011 10513011 0103111133-
11011, 3 111οΙ1 31101113501131 3 1101313111 31 011110110-
1105 13153131 1311111331313 0 10111111οὡ03 111-
1010131 fog. A 1101110305ιῖ 3110111115011 051131101353,
131313131. 3 1101 10113110311151131 3 510115031031011
3103101010 1101-0300105011 05 3 1011131351 5101113-1

3111133110. Az 31101335011 1111Ιὸ311011 3 13311131·
11113111 1335001οη00 31131313511311311 5131111131-
131131 5101131 0311030011, 3 1101-1113313311 mind-
310331131 103131131111 31111011 1033, 11031 03105
31101113501111311 130110055131111113531 15 0110311οΙ-
hesse.

Az 31101335011 3113131133 0111101103 0111ῑο30011,
11081 3101131 510115οἕ 0501011οη meg 101105503
1105513111111331.

Az engedfflyezeu 113113 111110810313331 a
1151311110111 1353113153131131, 05 (35311331 3 1113-
&yar 0513111101011 1353113153131131 110105 113113-
1111131131 11113110.

0) Uzleteszkfizbk.

Az 011011 0511101011, mik 31311 3 131110051111131
(10311013) 01131011 13010031011 5 31011 10151010-
10501, 510111011-, 101101·- 05 113110551311110 11005111.
110011011 05 1101111005111 (ὓ13151303), 101131 05311 3
1311301011 (80111331011310) 0110311011, 3 1333131·
11113111 1353101111051011 igazgatdszig 51311133)-
131131 05 51011101οῑ1 1030513031131 5101131 1051-
3011 11051οηοῃ001.

Α 1131131101 3101110130311131 5101150805 01Ιο11
0511101011 0051011051 0110110 40,ssoe (3031103-
0101) 0. 011. 1011311133 303111113ιί11 meg.

Az engedc'elyes 131531313311 31 011011 0511101011
51311113533311 0111 101311311101013 1003110 31111113-
1353 1113110533 130311113ῑί1, 5 11010Ιο5 31 011011
0511101011οι 3 1101111331 31131 01103300310113311
0115111011 1131311331 3103101130131, 05 31 111010
51011000501101 01011οῑ1003 3 1101-1113311101 311115-
gillius 103011 10110110511031.

1) Α νηυηΙεάὶαεοΙε mind-³1:⁹92 05 ηιεηηῃίκύῃυ.

A 1111 3 1011051103ᾱό 1333113131011 05 3 5131111·
13331011 311305οε01 3113131133 111011, 010111310111011
31 0330001105 13153131 31131 1133130031 10011110
31, 110111 31 0310001101011 1131133311 0103101353-

¹ 1101 05 10151010105011101 5101150105 minden mun-
ἱ 1131311111 05 5131111133111011 1011313111) 15 33311 05

011 0111030110111101 1111133311, 3 3103311101 31011
11350310 3133113131011 05 5131111111331011 1111331,
31011011 31 3113111 110115011οη [0113331113 1011 11135011-
103110 1011313113111 (1115110101-11331010) 101105111οΙ-
1011, 1110101011 511111111311311.

Α 1111 1011111113 3 1011051103ᾱό 3133113131011
1303311503οι 111011, 0 10511103 11010Ιο5 az enge·
1101)·051111511131 31 311313 110511103110 1033131131
05 3110133501131 011 11101103 31111331010, 3115101131
3101110101103011 1313113103 1110310113011, 111οΙ1011
0111 010151010οη 05 gazdaszigosan 110101101101301
1110111111331313311.

