366 1871 .· XXXI V. t. ez. A mayyar fdldhitelintdzetrdl.

kbrelmeztetik 35)Γ 11135 111131336 31131, 1351· 113 31 165335 11135 111131336 31131 13131111 1·351·3113113’5
165335 3 35611 1011111113 31311 3131131111 teudone-f 313, 113 3 1351311311351 1131135311 a 1310513135161
1311. Α 11111011ὴί16535 (356611116535) 1111311333111 53311111311116 14 11311 31311 113111 101113113111311, 35
353131111311 33 31131351 1311313131113 113313 33 3161111 Ι 33 31165 33 11113331 1131111 361313331153531 13113-
1131311133011 1111313361131 351 161111 111613. kim-q 51131113111111135310113, 3311113331 105051113 1311 3
331166 131513135113111135113115311311, 3 1611313131131’ 1351311311351 53131 1131311311 11111611 1351311311351
11135113553113, 35 113 3301113 113313 3131105 3550- 135335 33111111, 3 11131· 13113511311 1351311311351 13-
11310111 131111 113111 10105.1130111131 11311·113111135113.(1)“ 1135311 313111311 101113111111) (2)
15. ξ. 113 33 1111333111311 13133105311311616111

 

16. ξ. Α3 11113331 11613131353 1111311311 131161611 5 0513113301] 35)· 131311135136-
1163111133 1051311 1313310505 11111011, 1131111311· 1351· 31311 1351311 3 131311135136-
&apgssgffiu'ib‘ffiezmve: az 11113331 1131335)·33353 33111111 135313133111111 31 113111

17. ξ. Ha 3 1351311311351 5331113116 131 331, 1151311131135 1113011111311 11111011311311 arra 113313,
11051 az 11113331 11613131353 13531133 11351· 35353- 1105)· 33 11113331 1161·3131353 13531133 1351· 35353-
ben 131111 113111311,131135 1113111111131111153015316 ok· 11311 131111 113111 311, 1131313111 1531111311 33 11113331-
1131131 15330113ῑ 3 1351311311351 3113311311 11116- 11311 33 1-56 ξ-11311 3111111311 1111651153 31611 ren—
53511313 135131131135 1101131033531, 1113161115 11135- 11115 1131· 1111311 3113111351111311.
53331313531 1113111311.- Ε3311 33113111 10111311 3 Ezen per 111351111111353 3301111311 3 135131131-
1·351·31131135 131111553531311311, 161111 1315131351 13513 1311655353ιό 316131 csak 3111101· bir, 113
1131311116 1113311116 111, 11131113 11111111 33 11113331, 166116311311 131135 1113031116 313111 0111113111011 1111·-
11111111 3 1351311311351533111311311 1113511133131111, 5 101131131111011, 111311· 35311133 a per tzirgyalzisa
31111311 1131313311· 111311 3 11116535 3 1131313111 161611 311113311351311116, 5 33 31611111 ξ-11311 1161111111 31-
31113111135 1131310311) (4) 13135 1353 11135131111311116.(1)

18. ς’. Ha 3 1·351·311311351 5331113116 131 niues

1125. ΑΖ 11113331 31131 33 3116511311 311531131133311 1161356313, — 33 31131·
31131111311110111161, 31131· 1135311333ὺό1 3111011, 1131·111311111 5331331133 131333 33 111316
31165 1131335)’33353 vagy ulalvilnya 113111111, 53111 6131051135, 53111 135131131135,
53111 1)31·11111131111’1 11131011] 113111 1313311316, 5 3311113331 33 311313 311531131133311
1161356361113 113313 1111611351· 1131136511 11316535011 1113111131 311053111ιί 113111
1111103111.

11135311131311 13131311131113113 1133113 3 11111311ν3513113113511311,1351111161 111310111-
11311 33 11113331 35311 3 1313131113111361 311011 311511131131113 1115)· 1311113313
115533530153113135311131131111613135 1053113101 53313331, de 33311 3513111311 15 az
111133313311, 113 3 1313131113111· 11111011053 311311 11613131353 van, 3156635351 51113-
16135 63111313511351 1053 33011 131313111311113 113313 osor-bin 1131115331113111131,
1111313, 113 35111310131111111311 313131331311113 vonatkozd 1053 11131· 110331111311
1333311011, 5 3 105 33 11113331 31611 11131· 3 131313111331133351101· 1113505311
1111113 1011.

20. ξ. 113 33 11113331 5331331135 311653, 1351· 3 1)(11313111311 1161313135 113111 3 1111313361 1313531-
13133105111 131161611165335 11111011053 311311 35611 11131111, 11351, 113 33 13353131111ν3 113111 volun, 3
3111131111, 33 11113331 1311113111 1151311 116131313531 1131111311 13116 1513313135 1111313361131 1131153553
31111113111131111 1131311116 31311 a 3566111165351131Ξ 11135.

11313131113111, 3301111311 33311 113131311135 131311 3 Α3 11113331 1161313135311311 1316615353 131311
1111513135 33011331, 11135 3 11116313131111 1131311116 113136311131311111 113131 1103311116, 111311· 1151111131 33
13101113, 561 3 1111313361 13135311113111· 3131111353 11113331 3310111053 13131115 1131310311)

31611 15 1113513113ηά6, 3 3561111311151316 erre? 21. ξ.Α11613131351·316111535311·31111113131105-
113313 35311 0113 131311 0135113366, 11051· 33 111316 1 31613 31113111311353 111311 33 11113331 1050511111 van

 

(3 ζ t: {·‘²1h³ff¹³'¹''¹ 1111111 11311331; 1879: xlx. t. 33. 3. ξ.
1311·ζὲ fflissx. 1 cr.. 2:58. 5 c) p.
14) V. ὃ. 18. g.

