1871 .· LV. t. cz. Az ardnyositdsrdl 33 tayositcisrdl Erddlyben. 499

Ε333 1333311331133331 3 3311313333 3313303 33 331113 33 313331 3011333333
313311333331133 z ·

a) a 33333333 333311 131333 333133113333, 3 33333 311103 333333133313 110-
3313033 11313133, 1331 3 311103133 31331313 1103313033 3133 03113103;

b) 3303 31331, 13311 3331131 331333303 33333333 333311 3330313 1031 131-
313333111 11133 33333 311103 310331333 11331 313310311333 33333331131311;

c) 33 3 133333313331 113 31 31311 3 113333 311103 3 33333313313 333113 333-
13333313333331 131033131011, 3333 313301131;

d) 3303 333333, 313111131 33113 11331 133313 1133333 3 33333331110313 33311
3113333 11331 3133 13331333 3 133313 1133333 3313331333331131 33131 311133 113-
ῶίἲῖἓῗιιῃΐὲἓξῑπζῗῑῖιέι 3133313331 313031113303 331133 3331 13133333, 3 33 3
33333333 31331131) 31 3331 3313333333, 3 33333333 111311333131, 13313131131 3
4. ,8. 13ηά3131313, 3 3333331 3111030303 333333 33133 33 311133 31110331333
131111313 313313333 331310333333 3133.(1)

3.ξ. Α3 33133 333333 133131333 11131133313 33 3113133 3111113 313313 103331
3333333 33333311, 31331 3 2. ξ. 31131133333 313331101133333 3111031131 3 331131-
3333 311133 3331131 333111113ιί3 3133;

1. 113 3 3111030303 3 33333 31110301 3 133333313331 32 31 31311 1313133331-
333 33 313331311310331113 1131333303 3133311333333 3333331133, 3333 313-
1101131 merim: 33 [131113

2. 3 113333 311103 31331 31131 3 11133 13133331 3 3111030303 331331 31113133
3113313333133, 3333 133311133133 313313333 311331133113 1333 3113333113333
111311333 3.

4. §.322 1333311333 3 3. 5-333 131301011 3313303 331133 3331 3133113333313,
1313333113333 1113333313 33 3313333 31131 3111 311133 33 33133 31110303 13111-
1313 313313333 311331133113 1333 01110113333
“ a) hogy 3333 333131133331 3 33333331 1311 1031313303 3133313333333; 33

b) 3031 3 33133 131333 131111313 331031330103 3133311333333 3331311133333.(2)

5. ς. Α 311 3 113333 3111031131, 10331133133 3331331133 11331 31131 113131 31311-
133, 3313103011 1313133311333 11331 3313103011 133331133311 33 1313333311 33-
330313131 11131, 3333311131313313 3 311103133113333 3133131313113, 33331030-
3311333 313313333 33131033333 3133.

6. 5. Α30331, 313 3 33333 31110301 10331133133 3331331133 11331 32 31131 131-
3313113 33333 313301131 31311133, 311331 03311 11333331 111313333113331 103113
’331310331133 3133311333333 333331103 3333033113313, —- 33 33 33133333 11331
31131 113131 31131 31333113ρί1011 33133 3331131 3331033 11131133311 3313 1333131-
331333, 3 133313333 3111033 33331110303331 3313313 1333311333 111311.

’7.ξ. Η3 33 31331031133 1131033 11331 3 33313333313333 3313 31331111, 331 3
3113333 113131 31131 3113111113 3133.

Ε1ν33133 3331333331333313 13333113313113 ;

α) 3 33333333331, 3031 1313113313 3113333333 3 333113 1313331011 33 13133131-
mazou 3331333131 33133313333333;

b) 3333111030303331, 3031 minden 31110303 33113133 13331333133333, 33
’11031 33311Ιό3 33331 31133 33 130311103.

 

11) 11. ὅ. 3. g
12111. (1.3. §-

32*

