:398 1871 .· XXX VI. t. cz. Consuceciqi eyyezmdny az quesstlt-Allamokkal.

111113ιό1133 31131311 3133231311313311, 11331ν 113 320111133 3 113131152131133 35 3
133331’53333 111νὶ11 3135 52331311311 15 135235311.

Α2 113331 331111311 3531311 111131313131 3 113111 11313533011 3113 1033311 520111-
110231, 11031 3 303531011, 31303531011 vagy consuli 3313311311 313311313535313 3
’11313- vagy 1333315331 131511031113 bejegyzett egy6nek 3110331353, 133131333513-
Ι131132131353 35 3 1131313 1155235201331131353 1131111 1131113135 5333111 311111533311.

xn. CZIKK.

Α 13303531011, 303531011 35 31303531011 vagy consuli 3313311311 3203 131133-
1·35231131ν33)’ 333123131111311 1131311 13333)’53331132 1311023 1335 5233131131131,
kik 3 313335 52312333 131311 33111133311 1311113133 3133523111311, 311033111311311 35
vagy 3 1131313 vagy 113231311113 1155231111111311131111.

E v6gre 11351133 1131111031· 1011313011133311 32 1113131135 1131111311 113135330111102,
3 11313- vagy legdnysbgi lajstrom, vagy 113 3 11313 3131 3131111 311311311νο133,
3233 0133331011 11113135 31350131313311 1131113131353 31131 131102ν33 11131313131
321, 110311 3 113135311 33133311 1131311113 3 11313 13333153331132 1311023311.

1121111 11131103 1332011 111331131353513 3 5231131331Γ 1115201331131353 3133 113-13
133311 313.

Α203131111 3 33ν32311 3035311 113135330113311 minden 111131113ιό 131110331351 35
5333111 103 31311331 3 52311311331311 1311333235313 35 311033135313, kik 15 3
3035311 11313533 313311313535313 35 333311 1131153333 1033311 32 015233 1131-
133311133 3113113111113 1313113213113131, 3113 311131031 311311 3152311113531113.

Ε233 103533 32031133 11310111 11333303 131 113111 13111131, 5 32 1113 31313113131
3 3035313311 1131031 3331131 3131111 1311331 1311353353 3133 3 103011 52311311
131113 103 113113213131 35 ugyanazon 01111313113 1311113 31 33111 10311313.

Η3 32031133 3 5231131331 52313203 113131311 110133 31 1313313111 1111313135 313
353 35313113133111, 3 1131111311 113135333311 5231131153331133 3113 1115201331131351
311110113 3313521331, 3111101 3 111131 113131 1313113 11133110231011 35 13313-
113131011.

JA· 313335 52312333 131311 megegyeznek 3113 33213, 11031 oly 13333135231113
vagy 3 11313 13333153331132 1311023 oly 3135 5231331131113, 11111 3203 0152333311
30133131, 3131111133 3 5231135 1111133111, 3 13133 3211111 1131310231313331 311131-
13321131311.

ΧΙΙΙ. CZIKK.

Mindazon 35313111133, melyekben 3 33131313130305, 3 1311031331 13131110-
3053 35 3 1112105113 11321 1131311 3313231331 31133113231 33111 11313102, 32011
11313531311, 31311311 3 1131 015233 1131311 3 nyilt 13333133 311311, 113 3 11313 31131·
3311331, 31131 32 13313135 31131 1133152311113 3313135 1111111ιό1113 131 113, 3 11313
331323133311 1330353131, 30353131, 3130353131 vagy consuli ii 331131 31131 131-
31311313311, 13113113, 11031 3203 0152333311, 1113111133 3 3103 011 115211153ῑῶ
laknak,dvagy pedig egy harmadik 11313131355333311 30133131, 3133533311 egy-
31131 31 31131113.

Ε2 3131111135311133 35 113 1131331333γί 3111311311 131 1132311 1131135 33135533
3313 13 13113 3 11313531 131313131353 3 1131111311 11313533011 31131 352113231131111.

