218

lt) rendelkezik 3 161133111316533 1153111531ὃί-
131, 3 53333 35 1133316 53331311331131, 5 113 11113-
13105 1161313553333311 131135113531133, vagy vala-
111313 1111313165 13333133511311 331111 1331 3135111
[10310533 313331 jzir: 3 13336611 13133511353131
1335 1331135 1331 11531313111311 115311153161 1113
3133, 5 3313 11331 [1333131361 3 1133333 11531-
115316 1133135313 3131133103011 napdijakkal
13113 el:

1)13133113(1111 3 1131033-31533113501351 3313111133 ;

m) elrendeii 3 11311131310111 31113131333531 35
1311033313 35 3130353113 3 35336616331 (pandu-
101131), 1313111131 13110336]3 1111Ιὸ365 131113131131
3 11153013311 1131033133 35 110313631113 3 161·-
1’1’·3)’113165331 5301331131, —- kik, 113 111133 13113-
511111 11613135533311131 —— 31313055313133 311131-
13331313311;

11) 1333131111 3315331· 31331·135331]3 3310311331
3 161133311316533 3333131311, 3 53313131ῐό 35
115311 331353 1163113]ὃ1131·31;

0) 3 116331111353311 5 3 16153333311 11133135
1111331351 1353 1313311333531161 35 3 1611331113ῑό-
533 31133013161 ς

p) 131331133111 3 1163313Ιρ51 131313113311 33
31133116 1313533333)7 31131 3161135311353161, 5 33
33135 33)·(131311011 131135 131533131353161 ;

q) 31131· 1313333011 3333111133, 3 1331131131
331111 vagy 11135111 1611333 33 3115331113 1113;

83135311 33 31153333311 5313111135 1131310331311
3 1131113)·131315131·1133 13131111331131111.(1)

59. ξ. Α 13333611 3 1163313135, 33 31133116 35
1333016 ν31353111133)’ 35 1331313335 53311111301153-
3011 5 3316611533311 jegyzfikiinyveit viszik.

 

1870.- XLII. t. cz. A kdzffirvtmyhatdsdyok rmzdezascnwn.

gyakorolja 3303 10301131 35 1311351ιί 3303 11613-
13553331131, 1331131131 3 1611331· 35 5333311133-
(13131311 133 1311333311.

111351135311- 3 3133311333 3 161133)γ 11113-
1313533 133511331 3313 131331133111 —- 33 3115333161
35 33 3115333 31133 13531, 5 116313113331 33331
311311133111.

1111163 1133531131 1111, 3 161133111316533 3311113-
revel, 5 3 13135 (53311353) 3313113113113336 1161·-
1131131,

Τ3333613311 pomos 3113135313 3 161133111316-
533 1161153333 11301101 tart, 35 33331 53131 1313·
1655333111 5331131103 1333311133111. Egyesek 3
53013331163311 3 163133)Γ 35 5331131113363131311
31131 1161111111 33135116131133 633116133 1103011 53-
1311335 1131310331311 33 3115333303 5 03333 ar
11311131333151311133 131131111331131111.

62. ξ. Α 1611111 11531115316 35 111131313011 113-
1115116131, 13131 5313133 3 533311- 35 1133316533*
mels-zet 1315331331 35 533113331313 1131331131315-
131· 31131 1131)·11331133133116 5331131)·1·311113131131 3
1113313, 53311, 1111311 35 11313131 13333 3113311131
1333.

Α3 33)·35 1153111531611 1133)·03133105 33131
313313111131611.

63. ξ. Α 1611331113165331 103331 131131133011.
13105011 3156 115311’15316]’3; 3 11013313135131ς

13131 113311

α) 31116113 3 1333353311,

b) 131331133111 3303 3313111133, 13311311 3 161·-

113311 1333 3 533113111311113131311 311313131133 a

[1013313135131- 33135116331133 tartoznak,
c) 3113531 3 1111051103 13133311 110131331133-

Α 113131033101131, 3 116331111351 35 31153331 (1313131131, 1313131131, 1313313531131, [0133130613-
131131135313531131, 1313313531131, 1313131131 10331- 3101131,

31333311.

d) 133131131113 3 110131333133113131311, 3303

Α 161133111316533 33131133 1113111133116 011- ]03011 35 11613133311533311 13311311, 3131331131.
1333101131 311135311111 5 3 1163311113533 3 131313- ]’3133 16113311 58. ξ. (I), e), k) pomja 33 3115-

1131 3163111311. ⁴
113 33 31151133 113133, 113 13101 van, vagy 33

paim-a 1111133,

(93131113 3 vairos 33131133 11131111011011313-

311511331 53311 sues: 33 31153331 1333361131 3 3101131,1313131131,131131135313531131,

16133136 131135111.
60. ᾖ. Α 115311 1131353 33 3111353311 13313 5 3

s) 613 3 varos 3335313333,
9) 3 116331111353311. 5 3 16153333311 11133135

161133111316533103133335053. 1313313313 01)·33 131331351 1353 1313311333531161, 5 3 13105 3113110-
11311133, 13311331 3 1031 5333130111 3 (161116, 3 13161,

11313103311103313131611 31131113 133311311331311116.

h) 1311033313 1111161165 131113131131 3 11153013311

(113 3 161131113113311, 3 1611331 31313131 bird 11310331113 35 110313331113 3 131051 5301331131,
53011353311, 3161133111316533 57311311131111313131- 11111, 113 111133 1311351ιί11 11613135533111131, 3131·
11311 33 finkornninyzatban 35 3 116331313531133. 3055313133 31113113331313311.

1133115311 3 161113331131653301 13333111131311133.

1131351111 3 [1013313135131 5313111135 1131111033·

Meginditja 3 533115311351 1131353131131, 5 131111- 1311 3 11633131351133 35 03333 3 331331311315131-

1311)·0333 3 1115331133ᾱὸ 1111533 133331153331.
Foganatositja 3 1153111531611 311311 3113116311
115311 1131353131. (77. §.)(2)

1133 1311333331131111.
(11. S„ ffiiffinben 3 1611331113165331 103331
131131133011 13105011 3303 533111333131, moly

61. ξ. Α 530133111τό 3 13135 (53311353) 3156 31131 53131 11311131311131 3113131 5 3 vin-osi 631101·-

1153111531613.

1333133101 3)·311010131 1111331311 5 3111161 10116133

1131113131 3 1131651133 31311 3116 3635333113, 35 3 1333353311, 5 33 33)·35 11531115316113311, 116361-

‹1› 1·. ὅ. 33„ 3¹0„ 78. εξ.

12) E §-2 11131· 1101361133 3161105110113; 18761m. 1. cz. 19. ξ.

