1871 .· XL. t. cz. A ςάίνεηάὄνεάρνόὶ.

b) 3 33113131313 vagy lejtdjere 3313353313-
ket 1313331, 13111331 3531113131 61131111. ily 11113-
13533 33 31313313110163103 15 3533 3 331161 negy
6111γί 13110153313 33336131333 1333;

c) 3 3315 3 1113313631 1163611 3131 313313νό
1811) ξ’ἵέῗῗέἒὲἷὲιΐιὲῗὲέῗέῗξὲ1111161111 amm,
3 viz 131611 0163103 113613 61 613313533311131111
1311015331133 31301 vagy 161631 3531, vagy 3 331

411

53335, 3 1315313101, 111316133 3 1311131316 11316*
53301 3 1333661113 113131313313113.

20. ἓ. Mihelyt 3 3131033333 33 3313111366 viz
3303 [10311103 1163313613, mely minden 311011135-
331 31613 3111636533 313333131033366 : 3 13153-
131 1333331613, 31313633 vagy 3133111301113 31161·
13136 33 1113131135 1313511311 11531115316331, mind.
az 3113131 0531311313136361 3113511331 13110313.

21. ἓ. Α 1611133111316533131351131111531111531611

3133131133 33 3131331311 0163103 3 161631 331 35 3131531311131353131331331131 31613335333133-
61331 3633131111 131533313ῃί, 11331 313135-331351 31113ρί133ᾱό3 es 3631360313513 1103336611 azon-

313131 5361131111 terre 530111331;

1313635011, 3131133331 3 viz 31331336353 35 3 113-

3) 3 33103 3313531111 33 3 113313 1135311311 5331)1 361333635313133366.

311316-1131113333 1111111 5333313331, 1011330131 vagy

22. ξ. Α 131531311 1131353113331 vagy annak

13311131 11311331. A 3311313133 11316 5333313335, 1333331613 3111533111 1163333 31131 1131313113 3
10133135 113311 3131331131135, vagy 3 331333 1663313331, 3131111316 1131133161 1360111351 533-
3131331311 1333331353 0533 3311 es 33301 161133- 133, 5 3 mennyiben 1616313333 31131 3 11131051-
1131111, 3 hogy es 3111101 331 az 111316 13153131 135 353363613316 3313 110133, 3 vedanyagoknak

3133111301113 3133333361.

1135031633 11105 :

f) 3 11131335311016 31301103 3313531111 533113-
13331 113311 13311131 11311331;
azssdbinviiffii53ffl1⁶3323k 3332? 1111,κὲἓὶωὲἐὶ
33531113331131 [3131111331;

1113111113313161131 5 33 3113163011 3 3011310331
10333 1;

i) 3 1136353363611, anyagok 35 533153331011
1311113113 3633131133 vagy 3 33113 1311366 3131-
1133 11133131.(1)

15. §- A 14. ξ-1133 161501011 111313133333
3036311335331161 31335333353 33 1868 : LIV.
1. cz. 93. ξ-31133 31131611 11116533 31131 50311335
3113135 3131131133 ’1840 : IX. 1. 33. 5331131313511
1331111311 31331353131 tenyittetik meg.

Ismenes eseteben 33031133 3 131135 1131013
11613 131136113ῑό [03533331 15 1313131131111.

16. §- 8333631105 10333135 353131133, 1133)1 113
11313111 33 313635 31311, 1133)1 33 313635 311331
113631331 3631133 3 1136331111 31- 1133)1 33113313,
1133)Γ 3 35111331 1031333, 1111311361 3113135333 van
helye, meiy 3531331133 3 131135 6 31113 131136113ιό
1161163331 1331113366.

17. ξ. Α 3131 131336 1136331311 133131135313 35
33 3333131331133661113 ν316 1613163131313 363-
3131133- es 36313336351 1313151311 111311, ki 331 3
13333116 1611133133 3113333333 3133010113.

18. ξ. Α3 3113ω1101γ313-313136363 5333331133
3113311 3611533311 15 3111133663 131 3313313333,
1103)1 313635 163133 3 111331135 ezek 53311313
3633311133- 35 36313336351 3113151313311 131-
131331355311, mely 1313313533 3 1111313105 13111133
15 1163111113 13336611.

19. ξ. Az 311331313136111 1111313103 53131311
reliigyelnek 3 1136331311 3113301313, 31161 3 1163-

0635331111353161 es ezekke! 3 1135331133311 pont-
3311 111310511353161 303605306111.

Α 1363313331 53333530313 131053113 5 minden·
szakasz 611331313 133313301131 133631, egy 311163
3133313011333 113613 3 1163303101 131611 31, 1103-
333 3 1611111 31103135036 133313301133 5333111 es
1113511351 11311333.

923. ξ. Elei-ven 33 313635 3303 1103101, 31311311
3 viz 33 3161311 3131 31301110113 35 3 3311103
311, 3 31311 1116651135 31311133 113613 313316113311·
3313133635 15 13111316, 3 1315111311 3133133011
minden 33161 melle 3 iolytonos ieivigyzizatra 35
3131313036 11133103 33033311 3113331135313, a·
131531311 31313611 1311111113133313 31311311, 3 531111-
seges szemelyzetet kirendeli.(²)

2³24. g. Κ633Ι331ν33 33 313635 33011 30311103,
13311331 3131 3 331 6313331 31311, 3 313331301133
33 31531ν31335, 1131113135, 013135 11331· 11135 331311
3 333111 3531331133 1033601113333353111331 15 131-
1351113113 3 1136311331, 35 3113631161 3036051106-
333, 131 3 meg nagyobb 313631 1131161313331313
3 33131 1331051113.

ily 3531331133, 3 munkabernek 3 13153131
311311133311331353 31311311, 3 1315111311 3133133011
31131 31131611 5331311 3133113316 33165331133 15 31-
1336313366.

25. ξ. Α 3133313011311 31136 33 311311 36353·
3311 316113161ν31, 311116 3 1313511311 tisztviseidvel,
mind 113313 3313135531 11316 655333611313513 35
136651135313 31015 1163135313 1133316 1116603161·
303605306333.

26. ξ. Ha pedig 3 1136331 3313 1315333311 eleg
3165333, vagy 3 1131113135 331 131313353311311
10333133, 533131131 3 13153131 31313 011313133-
1131113, vagy vegre a iolytonosan 36133366 313-
635 3 ν36331 30103313303 3633136333, 33 0113-
103113 minden 3531163 3 1331335613 [311135333-

ponti kormaeinynak 1313111351 1353333, 5 113 531111- 13366, 35 31161 3 5333353113Ιί 3133133011 31131 3·

(1) V. 6. 3 313333503161 53616 11111113ῑό 16113311 (1879: XL. 1. 33.) 143. ἓ-31.

(2) E §4 kiegeszitette: 1884: XIV. 1. 33. 35.'§.

