422

Ζείιήθςηῑόἰςὲὶ1111ν

az 1870. 311 31313ῑί35 24-33 11311, 33 05311311-
3133131· monarchia 35 83311101015333 1103011
1101011 11313511311311111 35 1111103351 5331300351133.

ὀ Ρ315333 33 05311311 3511533115 11133131-
015333 33051011 1113113, 1313111131 Ο 13115333 3

53311101 11331331 1101313313013 313111011 3133-·
11313131330111313 3131 1133101 kelt, az usuram-v

 

1871 .· XLIV. t. cz. Keresk. e's hajdzcise'. 53333. Spanyolorsquqal.

sognak 1101350305311 3110313313533 03003531131111,
kik 1331 53131 3133311, 1331 011 11313511300 1133
1353313 1313511311 11313131, 313113311 mint keres—
113110-533311311 530133131311311 31133311.

,131311 133130110311, 111311 1111Ιό305 313331051-
135 11311101, 353333 33 31131, 11031 3 5331301135-
3311, 3131113 103311103111, 101311331351 0113133131
111353131131331, 3 1131 1101-3133131131101311331011-
nak 35 313331051131111311 1111111113ιί1, 1131 33111331-
1133 31111131011 ki Madridban‚ 1870. 311 3131331115

11133131 31033131113 35 83311101015333 1031 110- ῃό 9460,

1011 1131351131131311 35 1131031151 5331301135 31311353
133311 0553310133, 3 11013111330 11133133133531131
35 31113111033101131 1311311.

1. Α 1131351130311111 5331301135 xvl. 331111130311
11113133311 1101350305 133333101111 1311111335 3113

3101 1111313111311ε ¹
a) 011 11031111135311 35 113111331113111311, πός-1
11311 1313111311 5303153311 311331 1133131133 eguus

11111 3 113131101331031 1033111353 133311 3333-
1131133131113133133, 1331 10311311 101013 enge-⁴
1131133131111, 131311111113303 131113131531113531 13311
13311333135533311, 31311311 3511333 111303105 113-1
13101113 1331 33135 111110111353311 1311053113 53οἾ
{anain

0) 3303 1131113331331311, 11131131111311 3 5331-ἱ
30110131311 3311113131 3 13311311115331 nemmem-f
1133 31051 1331 10101133 13113533 33135311 ailla-¹
mok 105335313311.

2. ΑΖ 1869. 311 Julius lez-(²11 11311 133031311311

(Ρ. Η.) Grdf Karnicki Ldszlo‘ 5. k.
(P. Η.) Praaeedes M. Sayasta S. k.

1. MINTA.
Ipare'yazolcisi jeyy.
(3 11131Ιί10 11310533 11311333 1331 33353113.)

Az 31011011 11310533 3333331 0130311113, 11031
N. 31 ( ...... 1 1131351300, 313105 az -----.. Χ.
1133 530133131311331310 533311) 3 31333 13313
33133311 1133 1131313 3133 3 1011311135 31101131
1133131 11013135.

,13133 1333011331 3 33133311 N. 313311 3 133-

1 1101 5301331131011111, hogy 3 53311101 3310533011-

101 33 1131313 313110101113135313 5301153335 1331-

1111103531011 53311101 1331131113, 3131111311 331Ρ jegyetkinyerhesse.

3311111313 3 13133 13313011011111103 133 35310113,1
331 131113133110, mint 3 11313511311311111 35 bajo-Q
33515331301135 111333531ῑό 13533 35 3313113303
310131 05 3113313131 1111, mint 33. Ι

Α3 05311311-11133131· 310331311133311 13133133
3113311133 3110 5331303351 13311311131 53131331
331131113131111011, 31131113 3 5331300350311 sog-³
131131333311. Ι

3. Az 3110313313553311311 1310 13533511Ιρ5 ezei-3
131101 33 05311311 35 11133131 1131351131131311 uta-1
zdk 3 13311311311 1. mintimak 3133131310 ipat-3
133301351 13313131, 3 5333101 Κ31351131131311ι
3133011 331113 3 11. mima 5331131 113111133110.
133113311 111303111131111113111311, 11031 3113113 134
313331.

Ez 011313111011 3303 31 1011331313 3113313533,
11131113 111311111311ς az 015333 31311311 311111131011,
ki, 13113131333311 az 3103131310 53331311 13113531
35 3313 3131111531 35 3 [11311110 11310533 333531-1
jin-el, 1331 1131133131 31 1313311011 31.

Ezen 13330113111011 310313131353 1011133 33
111310 1131351131131311 11133011 330305533311 11133-
3113311353 3133 3 3135111 311331 1113131135 1131051133 ¹
1353310111 111. 35 IV. 3111113 53311111 11131111011
133301131111 11333311. “

Α 11313511311311111 3133011333 11331 53311311 inu-41
1131313335 133311 313311111131 1111111011, 3113311331
11133 1311 3311111 33331110 33 31131311 13531011
31111131 13303113135011 11311313 113111.

Ε31311113111 35311 011 1131351133311111 11133011

1
1

Ezen 1333011331 --- 11033313 31133135.

(Α 1113111135 113113 35 ’1133)13 35 3 11310533 313-
11353.

(83331311131135 35 33 31031313103311
31311353.)

u. MINTA.
Iparjeyyi bizonyitvciny.

Ervbnyes 33 18-,- 3113.

N. N„ 3 ......... 1 1311031331 1101313313013
1330311113, 11031 F. F. uu· 310113 11131313113, 11031
az 133113110131131 ...... 1 113135113110 5 313105

(1331 11313511300-31330) 31331133113 35 33331-
10313 3333 133131 833310101533311311 5331131103
313110101113113, 35 11031 3333 10331 33 05311311-
11133131· 310331311131133 15 011. 1101 10331113113,
31131113511113553 5 33 1131313 3131101135313 531111-
seges 1331133131 11111131113553, 313133 331 3113
3113 31133135 111301111113311 3113113 1153331313,
33353113131 35 31311353131 131133 33131 18---

1 311 ...... 110 --- 1133133.

(Α 533111311131135 35 33 3103131310 31311353.)
(Α 1101111311130 1331 31331113011133311 313-
11353.)
(Α 11310533 11311333 1331 33353113.)

