416 1871 .· XLIII. t. cz. Az Eyyesoelt·Allamokba kivandorlok allampolqcirsciqa.

Nevezetesen 33 osztm'aek-magyar 310331011133311 oly volt 11015313, 111 az
Ι. 0311111 011013101103 3130111131 3113133015313311 10111310330, 3 10311010103011505
101105110503011 0131313531353 131311 33111 [0333110 101νο311011 0110113011οη 1135-
53131 05 [0311105 313 103311131111;

1.113 3111101 1133301011 111, 131303 3 10311010103011011 11131111353 311131133131
13131 310303 33 3113330 113350105110 53015313110101 105011 1331 110053113 volt:

2. ha 3111101 1311301011 111, 131303 335310 31311 5301531311133 311011, vagy csak
130511313103011 13010 volt 5331133535011;

3. ha mint bizonytalan 13010 533113353513 1100531011, vagy 31131 13113101105,
1135)1 13131 1103103 3111101 1133301011 111, 311303 3131 11011110 1033010101 11311011,
vagy 3 311113305101111135 3 1305101030510 111110053113 volt, vagy 3 11311013 11131011.

Ε11031103 33 osztrfik-magyar 310331011133311 33 Egyesiilt-Allamokhan hono-
511011 volt 11015313, 113 1111333011353 311131313ν31 vagy 333133 11013 33 1., 2. 05
3. 53313011 31311 Γο1501011, 1133031 3135 05010111031011 vagy 3131353135011 31131
50110110 3105 3 10311010103011505 11331 10333110 101103γο5 533031101131, 0103011
1133313113 1310 1355331οη01οΙ 5031 11331 530153131101011011101350533 110111 530-
11111310, 50111 110315 3 10311010103011505 0131313531353 131311113553131 05 fenyi-
1011 313 110111 10311310. ·

111. CZIKK.

A 1111111010 1533535530153113135 3101 133531131 5301105 31131 01νο31 1103101105οΚ
1101050305 1115301531131353 11331 0511053101 33 05311311-3135γ31 monarchia,
13351053101 33 3130111131 Egyesiilt-Allamok 1103011 1856. 0νί 131135 3-33 1101011,
5301303059) 1313111131 33 ugyanazon 3113111011 1103011 1829. 011 335353135 27-03
101101011 1101051103οΙ131 05 113103351 5301303051103 1848-111 0νί 133135 8-33 313-
111 11010511031303)1 lv. 031111103οΙ1 3 113111 05 1101051103οΙ131 1131011 5301101031*οἰ-
3011 (111530153113135313 1033111030 113131031333γ31,(2) 1311033113331 0110311103
13313 3311.

Ν. CZIKK.

ΑΖ 051111 3113311101 111133301011 oly egye'n, ki 33 1. czikk 0110113011οη 3 1335111
311313 3015313331( 10111310330, 01011111 1133313113 11310 11553310110101 33 01011111
3113133015311 11010103011505110 1310 11553310110510 3013 1101010311010. Η3 3301111311
01011111 31131300153153531 53131 311313131101 3113 1305530131 5 3 1103051135 31131
1111011 3113313015315353101 10130311, 0303 1013031135 13050350311010, 5 03 05011103
33 31131311015315353311 33 01011111 113331133 1310 νί55335301305010, 33 0303 311313-
11331 bizonyos 13015 1011030 131103110335 3013 5331150501101111. ·

V. CZIKK.

10103 5301301105 3101311351135101113331011 111050101050 3133 3303331 0101110
1011, 5 113 01115 1113133 0110311103.

113 33315 113111033111131 130501030105 0511111 1·οΙ 5013 01105111 133511131 31111011
533330113101, hogy jelen 5301303051333133 31055333ῑο3, 31111011ον311111011103)’-
1103 1331311, 5 110315 1305 1130311οῑ 110331115 333133 15, hogy 33 0510311030 101011
1131111οΙ111ιο 1335111131 ily 5333301131όί 13305110113.

(1) E 5301303051 a m. 1111. 15335. 3113. 1872. 313103. 25. 9381. 53. 1033010101οΙ 10110 110330 az 1872. R. T.
172. 1311133. Ezzel ka 0501311133 Ι. 1867. 1331. 16. 2359. sz. 15335. 1313. tend.. 33 Egyesiilt 311313011113 1110-
110111111 0531011 ks 1311013131511011 1133313531 1110113105 (1867. R. T. 88.) 05 1889. 'un. 22. 20950. sz. 15335.
1313. tend„ mely 5301131 33 85105311 ᾸΙΙ313011113 3103011311 vagy Amerikaba 13030 31013 53311011 1103011505οε
110310110503 013030503οκ, 10131103131353331 vagy 11133313533311 11ίο5311031οω 113311 1131310331 az 1533351151-
minister-neh 1111131111 [01111 (1889. R. Τ. 1709).

(2) 1103301010 a 10311 13. igazs. min. 1033. 1111110533 az 1872. R. T. 179—182. 11.

