194 1870 .· XXXIV. t. cz. A Ferencz-csatornarol.

tel 13651112011 1111265611 11123161350533 3352331331, 3 1111162351 13111 3613
6261161111.

Α211162611·Ι. 3131111313-111152311311231 32 6356661165 31131 5261163116 1121-
1313 65 11161611 maximuma gyanzint 3113011131133 3165, 6356661165 [111105οψ
5111311111 32 3111133 1051311 1116161131131 vagy 3113131133, vagy egyes 621111161116
165231 11331.

Az 6111161163 165231111011 (1115231135 32031133 65311 11310111 havi 311131313235
11133 6316111616 151361 sel.

Ha egy 52311116 135)1 1311031331-13113111026 bizonyos (6116161611 3131113131-
1161-165231111351133 vagy 3135 11661623163)’11611 16526511161111, ugy ezekben 16526-
511631 11611 minden 5231Ιί161 65 131131110261, 111 1151333203 1611616161161 6110531113,
0111161163, 1105)1 5263161165 6161113611 5631131 656116 hely 36 36355611.

ἓ113116263 11611162316311611 521316565 (11113651611165 (16136110) 313111311311 5631

’31 313311.
J 11113133 165111 3203 (1116163561165611, 13611611 3 13611611611 5 16163165 61161111-
11611 3116 11115231131)’2311133 1.‚ ΙΙ., ΙΙΙ., IV. 65 V. osztfflyu solyam-hajdkra 362116
3165311311111311311, 3203 011331 10513 1611631611, 1105)1 3 65310133 1161523ρο1353
10111311 16111152611 311311063513 1163152611111 523111163311 36311 1131361135 nyujtas—
5611, 6263 (111-6163561165611, mihelyest az 6356661162611 65310133 1611616165611
1116111116 166311, 1651656563 1365521133611, 65 611561161γ65 3 161165 1111 116526116-
5616 1611050511131111.

13. g. ΑΖ. drszabdlyzat leszdllitdsa rendlcivt‘ili drdyasdq esele're.

Az 6161131-5261·6113611 3 1161161663 116311011 1631111113Ιί 1113535353 65616161053
van 3 11οΠ3331331 3201111311 1116161131 3 (11353535 1311313313, 3 3131111331-1111-
5231135 161615 165231111331.

Α 1131033523111135 165231111011 (1115231135 5261131 6521162163116, 65 1161115 ugy,
3 mint 621 3 111. 1111. 11621333113- 65 11621611611651 minister, valamint 3 116265
hadiigyminister 651111131653113111133111311.

Α 113103352311113513 1033111026 331310231331011 31353161 61111616165 611 ugy
θΠῖἓῗῗῗΚᾸ ῧαξὶῖιίιέςῖῗίῖὲἔῗόῗ ’11191161155111 l ι’ίάεα.

Α2 3113311152111561611, 1111313111011011 65 52015311, kik 3 6531013311 1532531353 65
1121616 161611 61116116 11316535011 316511123531161, vagy 32 311313 6111611613611 6263
63566611361 10116 3165611353 165611 vagy 1616116111 62610111161 3 653101331, 1116-
16165 3 6531013313113131 1313161611 113523311311 65 3 11316535 136511123531 153201-
1311, uti 13311131111131 6511111 ingyen 5231111336611.

15. 5. Alaplo'ke. Rdszvefnymrsasdq.

Az engede'eiyes 11616165 32 63561161)1 61165216563611 161116 31311 32 5-ik g-ban
1111112611 1131 1163311 31311 1652116311315353501 3131111331.

Ε263 1652163113153535 11616165 1661111 3 Ρ616362-65310133 31311353 31131
1365521136 1113651311 1616661613 1131ρ611353 [6161163 200‚000 11101, 36ν61161111611
3116611116 165216316111163 3 1113651313311 31520153113131.

Ε2611 16521631611 3 111110653133116 1611111 1652163113161 651631053311.

Α2 635666116511611 minden 10531 65 1161616261156561 3 165216311315353513
315231133311. Α 16521611113153535, 3131152311311311. 1611621, 136116113611 1161111611-
113513531 65 6561165 11165652116561 vagy 1311021313531 3 11011333)1 1113533311
ῖθωῧιίἓῗη 3 16521631113153535 1365313113133, 6356661165 11616165 32 313 16116
1161526113ιί 6116Κὸ5526563611 13653113ρί1353611 3 1163211511313151611162 olya-

