472 1871 :LI. t. cz. A birdsciqi v69rehajt6kr61.

d) 3 3353311111 10331113 1111313311311 3 335133311311 111131 35 1131153531, 3313131111
33 3333 03113311 3 131131 11311011 313135311, 3535313133 3 1135311111 13κ101135011;

e) 33 31311111 1·ον31 3 33131331 53153135311 331353335313 5301531;

f) 3 1131011111 10331113 1353333ᾱὸ11 113 3 ν35131131135 311311 3353 31111311
3111311113331 3 11313133311535 1333335313 131-13111 1133135311 11353 1311351135311;

q) 3 1131311111 10331113 35331), 3 1315313 3033111033 1353331311 13311311.

113 3 113111131011 1315313 3033111033135 k6s6bbi, vagy m6s 131-3535131 1111111311
13351135335 311133111, 33 3 13113 313111 11131103 111 1013353313 31311 1111313333 113,
33 ut6bbi 313511353 35 1013· 35331113 33031133 33 3133111331 3 h6t6dik 1011311133
ἓ135135ὦ3311113, 3313111131 33 31311111 1335335335 533133 33 3131113331 53131311

1 3311

Α 1131), 111313 611 3 111351135335 113111131131011, 3 131) 1133311313 13, 35 3533113303
3311011 11311131011 133511353350111131 113111 15133131131111.

10. 5. Α 1131111313511311 33011331 11135 11311 1311311111,1111113131 3 3135335335 3
131-35351 33513331131103 1335311133311 Az 31ν31311 31331313353135131113 31311 nem
szabad megtagadnia.

Ha 3 3351333113 3 1335335335 311133131101· 53311113133131 131101 110133, 3111101·
31553313331313 11133 131103111 3313303331113111131111, 5 3535331511111111 3 1135333133]
ok1'3t11553noyxeffi1gsgg ἵὲἒῖἓῖιᾉῗῖἑῐὲ Ιίἰιῗιὲνιοὲῗὲξὶἰθέἔιέῗέ33113η 111131311 1131333 11313-
135 3113311333 1311111.

12. 5. A bir6s6gi v6gr6hajt6k 33135113131133 131-1031111

a) 3 113311351135; ae

b) 3 33513331135.

13. ng. A 113-111351135311 11015311 ’113135 35 113-1 113 a 1133335335 1335 111011 1133353111) 11311535531

ο 1 Ι 0

3351333113 5331111313·ρη 3 1111351151 335131131ῑό 31113113111313315313111311535331153 1111133113.11)(2>
31131131135111313311,11135 1131331133 35311 3111101,

145. 113513331135105313111331131111135351 335131131131113113511311311,11111333
33011 1031053111) 353131131, 3 1331331111311 3 11113535 3 33513331135 105333105113-
53331 353111 135131 111333 11135. (3)

Α 33513331135 11311535311 3301111311 50113 5313 3113111113 1335 maga 3 13135351
ν3513113113,11311313 131533131113 3301131 135333113333311311, 35 33111311 13353113ρί-
135 335311 3 11113535331113131111 1)3. 83111133 3 11113535 11313103 3 33513331135
1013 3133 31311 felmeriilt 1313111031 35 3150311535115311331113131115,5 3 1113333111311
3301131 11531313 3313 1103113113, 33 1868111111 1. 03. 366. 5-3 311311333311 3
131-113113 1331135 1111313 31351113. (4)

Ε333 53311353131111311133353 3 3311311351311311350111315 1111311311
31311131103111 11333311313111353133011 111135351103, 3 1113131131 311131133333 van,
valamint 33 31κ311 1133331131 3353 35331) 31131131 15, 113 33011313 13111311 3353
133511130111311311 3303331 nem 131131311 11331)35113111.31131111333 35311133 100 11115

1ἰιέ3ῑ31123ἱ3)11115351133 1331353131131111 31ς1511131135 35313333 pedig 111ν313131
v 31.

(1)V.5.15.§.

(211·35-11131011ειε187. 1:X..tcz.3.§.
(31νο18811λ13111ωξς188111111ῑό(15
(fflhrendlk 3131111111801Χ10343 55.
(1))νο10510311113181ῙΧ13343 55.

 

