24 1869: VI. t. cz. Az Ι. 77709907··9110501·57691 vasum-dl.

[1163311131 3 1331311111 11171051101165573331 35 a} j6n 1111373366135733111013501131 1331311133, 316-
16113571351 1131113601 31 3331 31113, 3 1113311371 leges 135713167313531131 15 13336, 113 37 3333-

311331 36101111 1111107111. ζ 6131135311 3 1313131 31611 6 1131131 37 173111 10113-
A 113313111171051135 3713313 37 313111) 3111113366 1 1110631 1033311.

minden 33135 57311357331, 1131311311 1 113 37 11713131 13101113131 13311356111133 1137013
1. 3 13111311·1-1103103331, 116 31311 131131135713366 311· 5731113635 13313335

2. 3 110310333161 37 015733 1131117313 1311366 13333113ρίῑέ53 111311 1116316133, 11031· 37 3161333-
szakaszoknal minden 33135 5731135713 113713 735311 1131131333] 313335311133 5733311311, 37
1161611- 1111163 37011 331103 1137666111, 3 31311· 113- 33336311·35311 3 1111311 1661113131, 6⁰so 113313131131
pon 37 3 kbzsorgazomnak 3136111111. ; 3311111, 37011331 11557313111331 1311073311.

Μ33133137131111 3701111311, 11031 3113636613, ΑΖ 311313 13573161 1311351133όό 1161135 113311
mig 37 3333631137311 10331 33357 111137136353- 133111· 37031133 37 11713131· 13101113161 5733111011
ben, 1. 1. 3 3133131· 3573111131311 1353111611 1113334 1331311331) 331· 31· 31311 133135713366·, 3113311376
7351 11031161 37 015733 331315731313 3 1013111031- 35311133 313111·357111.(1)

3311 31 11331 3631111ε 36613, 3 3133311633 35311 3 26. ,ξ Az 655733, 11131131 37 311331 37 31131-
1331311111 1113337351 11031161 11013033313 1311366 1311 1371051135 10111311 11731, 33136111 311111- 331·
135757311357 3111131ηό11 1333 [07331031 sz6m6ra‚; 3133113111 4 5737313111131 1133131076 316133 11373-
37311 13575731135713 113713 37 311313,163 11331 13366.

5711131113 3 16113571351 1133131101, 3131116163311131 113 3 1131111 115713 1613631313 3 111710511011 311
35111133 30,11οΟ 05717. 31131111 1011111 115713 161·3-· 65573331 31333313613, 37 111316 131351331313 13573
6313131111710511. 1313113511311 316133311 35 1133131011 1310135313,

1131111131 163103631111, 11031· 3 1131133131116161373113311 131135 1611357135313, 3 110111133111311
11133 111710511011 311 115713 1613631331 35 1611357- 3703331 31363366.

1351 11631311 37 111 3333631137311 1111113331, 3133 Α7 316133311 131311 1111313131 111331·31111135311311
113 113133 3055736133 13113633 15, 1331311313) 16] 1113333311 37 3161333311 1·15573117313531 meg 11311
313111616311 3055735333 maximni-kiterj6d6sre! 3167313.

135713331113 1311316717 6llamn6k 01133 3161331111 1331 1133131011

Α 137105110111157131613631331 6557333 3703 11731111 116131313531, 31311311 37 33336311· 3133-
13113135 57311111 3113311131011 meg, 11031 3 113113- , 57331313 3133 115573 nem 137111311311,3 13113131
1107 31371161633111111 5761153335 1013311111 357110313313113111011 13310331161 13573311 1113313311-
7611 1135731·735131·13113 {immo srtot 05711. 311. 1311661112)

103 11331153131 i 27. ξ. Α 110131·’1111·,37011 311313316311311 3133-

113 3 [33311133313113311 5711316331) 3111331161 61353 13111313131161, 31311311 3 6171051135 3113113-
11311·3113511353 3 10113331· 31131111131113111311 1331· 13531161 11313111373311, 103051113 van 1113333311 ugy
113 3 1013111031 3331113 361311363311 11031· az} 3 11311331111353, 13133ιί31 37 117131 (7315731633
5011111 101131 11357317( 51 3113113311 1333131316 35 5711316113 3571167611131573131353 35 1011101105
35 16 6713111311313 1311011 1013311111 3571167611116 11311133 1311353 173111 minden r6szben 3133-
313353335311 33111 Ienn6nek: 3111101· 37 3 13313 31676635157373711135 313311331·31,11031· 3 11111-
5761153335 11611533311 31131131353 1131113 1101313311-13111076 1113111011 116101135533311.

31· 31 1111163 331Π3713331 13135113366. · Α 1101313313311 1033 133, 3 13573161 11111616611

24. ξ. Α 1111131311131135 1161153331 37 31111351 116733 3113137 63111131131331175331111.

1113111161 136373116611 35 3113636613 37 1171311· Α1101111311113113111113160111117105331110331133
57331363563 131 3331 131131611, 3113 37 655735 311 ·17 13373316- 1113571313111 1113531133.1·31313131
3311113735311 3 korm6n3 31131 131311175331131133, Ι 3 116731613531111311, 3 3111101· 371 163311 1313113,
31311111175331311133176116311 31311133 1131313731-11357113331,331311616311311 37 311313 3163113113
13113311 31 3313 1531311313311. Ι neuin 1131733105 1313711363531131 13116333571331,

Α 131111117536131 37031131 10333310511131111, 35 ert-616 ministeriumnak‚ tov6bbi 3113135 13-
131113111 37 3333631135311 1137311337111. 3311, 1313111351 tenni.

25 g. Az 311313 31131311311311111710511351011510 Α 1101313111 303605110631103, 110311 37 1131-
133 3531133 1173131166 11611311, 37 011313311133 vitel 13163131313 3117635331 131113131633 011·
1337011 63i 573313635011 1113331676 vizsg6lnla 316603 3131101011355311, 11031 37 311 5731113635·
111311, 37011 1)3111·1111353161 57 1311131160 1131031 31613113571353113113116573313135311153 5711311313·
11613 103 1011613 1313131. ,1311 1311111175331313 57611533311355311.

Α 1113351111· 111136370331131, 3 1311111 13571331- Α 11013133111311 37 3113131105 1611331311 11313-
35 11611·331·57311·331·311 113131165313, 3 1613631311 1073131, 5 1111Ιὸ36533 3 13133 3333631150131331·
316573311135 31311133 1131135311 31333113311011 3113131333313111311011161311131313111033 3131101·-
571111533131 3133131133, 37 311 5711133635011 3131)- latin-al, 1131· 37 33111137351 1661311313, 1313111131 37

—.

1111111. ¹873: xxm, 1. cz. 3. ἓ.
(2) V. 6. ¹8⁸2 xxxlu. 1. cz. 3. 32, ἰΙΙ. 1888; 3311. 1. cz. 3. ξ.

