180

1113131131 15, 1131133- 35 11131311313313533 3113553-
3311 111.

Α 16335331335, 1311113131 3311113335 35 33 113-
1313156 33133333353 3331131161 1113111133116 1313-
1133 5331361135, 1133111331 1331 33131311 3135
0111131 1131133- 35 111313111333135 1353.

24. ξ. Az 3331111311 13113133 33 113131 meg-
3111353101 533311133116 90 3113 3113311131111 3133,
moly 13653311 131011353131 3133135313.

Α3 33333311Δ 3133135313 3111101 15, 113 3 6. 35
7. ι8-1133 13333113311011 3313113611 3 1033103351
1333113131011 31331333353 35 3313133353, 33 3ρί-
135 13333336353 35 3313133353, 10133113 33 113131
1333311135313 33313 meg 33111 1311311311, 3
11111311ἀό11 3131313531353 3 13311333311 13531-
33331131133351 53311311 11. ξ-3ὴ33 ὁ) 1103113
31131313333 1316313533 331113 3 3011111131 35
33333313115 1111533011 31131 nem 133301131331111.

25. ξ. Α 30113331 133131113 1333331111 3 10301,
1103)1 33 33331131133351 1611331 1131311113131113·
161 5331311111 1131131333 31 1310111153 3133 33
33331131133311 1131131 minden 11161133 1131311-
113553.(Ι)

 

 

1870 .· XXXII. t. cz. A bc'mrcive-midasdi ipat-uasat kidpitdsc‘rdl.

313113111311 33 3333331133311 35 16 kat-ban 31-
31133116 113113 tebet-mentes birtokaiba 35 1135303-
&vomu-be: 3111011333 1353111111636533 3 113113
131313131516111131, 316111- 35 313133311313101131,
3 131- 35 3133113133131131 minden 30333131103611-
1131 331313311133, 31131 101331311 35336361331,
113113-3111310111131, 131- 35 1313110116 113113111131,
3331313111131 33 1311111351 35 3111113351 1131131133,
61·- 35 1311131336 3333111131, minden 1131533131-
13313111131, buton-zanni, 1336- 35 1333113353303·
1131 33)·313311133.

Valamim 33 33333311 3133533313131, 331 3
113113 1131311353 1153131133 15 33 3113311111 1115301-
331131011 533311655333 33133 3311331313111 113313-
1313311 11553313111353 3133 33 33331131135311
133313111311 a 13113131 53131 11313531311161 313111-
1011 13113131131311 35 3 1111331316 33111 116131313-
5311 1313130331, 1311131131 3 13113131 53131 13310-
331161 331311 3331313331, 3111133311 3 303115-
113133333311, 1331611311, 331)- 1331 egi-§b 3131311,
3311311, (10311011, 31131 3 31311311 13335331335313
1331 3163111135313 3 110131331 31131 3303 1131310-
3011 1103333335531 3313131331311311 131. 11031 33011

Α 31331311351 31 313311313103353 133311 3 3 1351131133311 5331311 11033313110333116131 nem
131131313311 3 1311153305 31331311351 3133316ῑό Q 1031311 11333331, 13333161 31131133, 11031 3 111335-
7 31 313111 115313 311 161311313131 1033311 131- 1313333 31311011, 1161313135311 5 133311330111103
533311113131,31311 6553331161 3 1131133310510113111) 1353133131 3133131133 1313111031 10331 1333-
31 115313 1313331133 1310331133, 3 1333131331 131113.

61 31 3113305 115313 1613331313 103 1115333111-
taini.

27. ξ. 113 3133111636 13135311 11333313 33 33-
3311311-011313311133 vaf-{y 3 16113313111133 1031311.

Ε333 3113305 655333, 13311 1313633033113133 11613135533311 31335311353 1331 31313531353 33
33331131135311 31131 113533333333 1331133 113- 3333331135311 13533161 1531313113 [01113133 316,
1311131311 7’κίθΙο-161133Ι 1131353111) 3313 131131. 33 3 11013313)1 [33131113 3 10301, 31133611 3 1611331-
333311311353113311 3 13333113311011 33333311 131- 3311 3133131316 1313311333531131 133313331, 35 a

1331313 13131 311 16136311 1133133116.

11613113331311 5331131 33 3333113111 11133 13113-

26. ξ. Α3 3331111311 3133533313131, 1313311111 3133311 1111011353 31611 3133533313311 311113311331.

a 113113 11313113533311 113116131113313131, 33 311331
33 3156 35311133 1331311, 33 3163111333 3 Ξΰ. ξ.

28. ι315333 33336311 minden okmainyszerfi
1113111311131 35311 33)* 10113113 53311011 3311331111

311311331133 31333313103011 311 1311111311 11331353 313 353311.

Α 1131113113-1131135111 iparvasut enqede'ly-okmainyz'inak iiiqqelekesss)

Uzletszabtilyok, melyek 31131 33 3333111311- 311131313313, 3333 35311133 3 10331 101353 15

01131331 2. g-ban 3111111311 1631313335 3313113311
3331311 1313311333531313133 13350133ηά3 135-
3113 33313 316605111313311.

1. ξ. Az egyes 10331011331 311131313311316

 

313333333131111.

113 a 53311533 331 11113313, 3315313133 33
indcihzizakban 5 3 31331310331011331 15, 3 1033-
1011101353 3111101· 15 133333333131111, 113 31111163

1333311311 533313, 131313131 3 1161351311311 533133 133316 31033031 31335 311131313313. 11)· 35311133
5 3301131111 33 33135 103310111133 1333116 131- 33031133 3 31111 1131533 3531115 6133113311 131311-
0531353 113313 1163313333- 35 116313336351131-116111 533355333315331131113131, 5 3 10331 3133

315131 103 1313311311ῃί.

i 1316 11035133 13136 111111131 31131011 11313113 3111-

·2. ,8. Α menen-end 53311311 10331531135533 a] 133116.

31111 ’1131133 116333533311135531 613311131 Ξ, 3

megengedheffi 'egssflgi'obb 53335533 11311131 .
3. ξ. Ha 3 10331 3133 1031310-310311031 xuni numen,

6111311131 1331311331) 3 31311161613. 1131310313131.

A menen·end 53311311 10331011331 15 3133-
333311131111, 110313 5331110351 3 mozdony 31611

(11 A 1131311113ιό numinis-101« 110113101353161 1. ὃ. 33 18831; xxm. 1, 3311111113 1111311111 5331331135 11. ξ-31.
121 Ε [sigga-istm kiegbsziti: 18702x. 1. cz. 3. §.3 1131311011 1111111 liobe-zi: 1533113111. 1. cz.

