442 1871 .· XLVII. t. cz. Keresk. es hajdzdsi 53013. az uruquayi kdztdrsasc'zqyal.

IX. CZIKK.

Mindegyik szerz6d6 131 113161333 31333333613113 3 313513 131 3616311636, 33
11133311 33135336313111333 1333313011 31361611133 3611631161 1103011 1330133313-
331 1353131333331 13331 13, 35 5313133) 13531313333111 13331 131, 3333 3111611-
11636 313616311311 3 3311611113 53331 13303133)1.

Α 133335 533136116 13133 1113333) 33333 abban hogy 3 parti 11316335 533113-
Ι)03353, 33 111316 01533305 161133) 33333 mat-ad 1311131113. Η3 33031133 33)’1-
3113 133) 31351333 3 113111 1131633513 103313036 1611311)311 1333131103131113, 35
33) 3313131111( 3331331333 1131111136 3333111333)1 133) 53333653301 3)311333,
33)3303 3 11530305533 131131313 mellent, hasonl6lag 3 1113513 131 11316113 35
3013313113 15 311311366333 103 1331313131.

X. CZIKK.

Mindazon 113163, melJek 33 0531133-1333)31 monarchia 161133)31 53311111
0531133-1333)31 33163333, 35 3113113303 113163,1331)33 1313333) 36313153533
161133)31 5331131 3111333)133331( 13313133663, 3333 5331361135 03311311315 3
33133311 monarchia 35 111316133 1113333) 113161333 103333 1331313131.

xl. CZIKK.

Az 0531133-11133) 31 113111 35 3051333163, 131313131 3 1(31 nem6 3111311311 113-
163, 36105636533 Lruguay 36313153533 133) 33 0531133-1333) 31 111101131οη1
minden 3136161113, 101) 6113 35 1131) 31110, melJekbe 33 1113333 3311133131( 11311-
35 110513113161 1131100531131333,133) 16161133 103333 1100531,13131 5331131103 113-
1311131333, 0111101303)1 1311131333, 1311633061131333 35 13111350331 1311311133,
3133631133 33031133 33 111316 015333 1611·33)31331( 35 1336313131333 1331311331(

313113.

XII. CZIKK.

Mindenben‚ 311 3 113161( 31631135313, 3303333 3 3136163333, 1313311311,
6111631133 35 110130311316 1131111333 1316 11133- 35 131330335313, 33 3133 35
13131( 1331310335313 35 1113105533313, 1313111131 3113131133 3 13361311351 35 133-
11353311 5331131) 0313 1033130313, 31311 331131( 3 113163, 3301( 13333) 5333 35 1330-
11111113 31313113 1311311133, 3 1113335 5311136116 13133 1111111133)133331( 30133131
33)1315 1111103311133 35 1313131311133 33)333303 3113115330331, 5331131131133331
35 1030331 103131( 3113331, 3131)31(31 3 33133311131131( 311· 331133, 35 53131111 3531-
1133 11135 133) 3133353111) 311633503- 133) 1311133331 1113113131 nem 103333
1313111131)31(013 331113311131131( 13133133 133)· 16161133 333131103333, 1311313,
1103) 13333331 3 33133311 111110303- 35 131613133333 113131111311 1316 1131)-1 161-
133)-33333 35 13363131331131( 31313113

,1111031313

A magas szerz6d6 13133 33) 3135 1313131313 35 1111103311133 3 33135336313111
0113131313160035310331, 0035310331 31001151110331 35 0035111513111313636331
33133331333 ki. ,11131611 3301111311 11) 3531115316 1333663531 3133333111, 33011
015333 3013133)3 13533161, 1331)·13 313311313111133353 5361, 5303350513611011

