468 1871 ε L. t. cz. Keresk. 03 1111102031 szerz. a 0111101 ko'ztdrsasc'zqqal.

jegyz6k6 3 1050013051 131311001 13511 11330016 011013011011 31131 110111200111131111,
110511 3 3261101001·οΚ 32 111016 11316 105001130501102 1311020311, 03 hogy 3 11316-
161 3200 013235 101161ὅί11011, [13111310 1135111112011100 326111011 01, 0101110011 1131033531
01611 1101031011011.

Α 011 3 sz6k6v6ny6kn6k 3 11621050323111130 101311621313331 03 3 1101111 11316335
101115101οῑ0 313111 1013116213133 100101 111011, 32 011053133 [111130313161 11020110,
0000051111 013235 33131 1611101110111011 016111 0113133 sog 11611011οῑ01 3 1013116213-
133, 3 01051101036 000301 110201102 11316 111320153113133 03 32 111016 1131613 1310
111332311011103 10111010101100.

Μο50510203 161100111 1011311113 3111130, 110511 minden kedvezm6ny 113511 11601·-
11111103,01οΙ101 3 32611011001011 110210110111030 1161111 3 32012606 101011 05111ῑο
11313111οΙ11 111· ’13 3113100311 00500011 110103 113511 1611611οη 0050000, 3 0133111 3201-
2606 1010011 13 03311 351 0105105100 311113,10101113 01110 110010201001 vagy
1160011103 jelen 320126003 31131 1131310201130 1111161101οῑ1 110103.

XV. CZIKK.

113 32 6gyik 32012000 1·οΙ 131301011111 11015313 3 11133111 11111011311130 vagy
1010101010 10510000101 11311311351333 n6lk1‘il 011131 03 32011 0132350311, 010111100
3 11313103οῑ 1611001, 1611100101 3201101 6161110310 1050311011 3201110111 110111 101001-
1102111, 3200 00102010011, 01011 11011 32 01110011 13513 volt, s6consula‚ consula 03
3100031113 11351 0003011 1151116110, 3 01000111)οη 321 32 111016 013235 1611100101
00500111, 32 616113050ρΙ 1101311 01001101111011113103111611001320110110110111301610
Ε 1111063051)οῃ 3 0οδ0301, 3 10000111)οῃ 021 32 01323516111001101 01150 111, 01100
3200 10501131 51311010113 1001101101 32 6161130510 161110011 3201101 1050311011
32010011011 5131101011131030311, 11110110 [1002011 03 1311311 01105303331, 01110
011003001113201 1111161163 0105113131013233 3201130503; 11110100 11002011 03 13151311
10611621100, 3 000301 03 3 110111 0316335011 1161036063 051010110301101, 1313010111
11311113οἰ11 3201110111 1102011102 10000611 Ιο. 113 32 61611305 1610111110111161 311, 32
0111011011οΚ 10531 32 10050001110 002110 10003116 16111001οΙ1 3201101 1050311

100002101111.
XV1.CZIKK.

Α 32012606 101011 0510133 11111011311130 13110 00153131 1131133011 101311 0001
1050311 11311011113101, 0106210101 113511 0105131301113101, 361 10113111) 1611010103 03
101103 131133323113033501 1050311 0110201, 03 02 0111161 sz6m6lyiik 03 10131000011
0001 3200111 0105 051303200 0113100111311 ¹·6szesiilni, melyet 3 001020111011011
0111020011.

Az 111016 11111010110201 32301313 0131 101026 1001011102031 11οΙ1011 1133203131313,
1131310101 01311 11010000203010, 100131133313 03 1133203131313 002110 011ηο051111
32012606 1010011 3 1033111 1010101011)οη 131162110οό 0153131 0513032οο 3231130-
335531 03 105531 1050311 birni 03 0513113200 01310011130 1032030101, 0111113
1050351061) 11001102031100 1032031116 00111201 [10153131.

xvll. CZIKK.

Ha 32 0511111 32012606 101 11301 113511 1101031100οΙ101 1131613 3 0133111 1131113111
0316161031 3200110000, 32 ily haj6 113511 300311 311311032οἰ, 101320101030 03
051101) 1102231311026 13151311, 1131301101 3 11316161031161 1110501001οῑ1 1311311 03

