330 1871 : XXIX. t. e‘z. [ξω-3311. 3201-261135 Ιαράηηαὶ,

0521131-3133131· 1331 1311331 3131113161 366553331331 31336231353311 sem
32 0521131-3133131, 5331 3 13113111 11316533 33111 131131 131316553331.

11. CZIKK

0521131-3133131 3131113161, kik 1111313311 16131331 31 1311331 1331 1335
3313231 3131113161 31133, 3 05. 35 111. 0035315331 11113131301 313 1323133661 35
01523331 1111133131 5231131 13311133661.

,1311331 3131113161, 111 1111365 0531313131111 1152331 1331132 0521131-3133131·
3131113161 31133, 3 1311331 1131653301 313 3111133661 35 1311331 1611311131 5231131
1111313133661.

7. CZlKK.

11136311, 3 13133 523126635, 3 11131131311 13135136311111 113131023101 35 3
13311331231 31335233353311 1316 11332111131313531 35 3110112350113 103311026
1333131 3 05. 35 111. 00351111 1131653301 31131 663133661 31.

Α 11332111131313531- 1331 31101123501, 3131)·3131 32 3161111131 1152311331, 3
1311331 10131331 131313 35331.

Α 1310111311 13131 3 1311331 35 3 05. 35 111. 0035311 1131653301 31131 131130531-
133661 35 32 1131331 3 05. 35 111. 00115111 13523161 133366 31663135313 3 1331-
1132 131131311133 13131113 113113233661.

Η3 3 003531 11313102313 3 13131 13131603053 1331 32 3131 31131613 131313
5261333, 3201 1131363113133111 1113633661 3 0035111331 101311111 1313213635 13-
3311; 113 32031133 3 1311331 10131331 131311113233 3 003531 32311 11313102313
31133, 3 1313160305 1331 32 3131 31131613 1613105 32 1131331 13313335 31663-
135313 13131131 3 13131 3113131 3 05. 35 111. 1131361533331. ·

Η3 3131031311 131311 1633133 136111331 1013135331, 3133 32 1131 13313335
316631353 31611 3113131331 3 05. 35 111. 1131361533331 1316 13131313 31311311, 3
11113160305331 1331 32 31111 31131613331 1136331161.

8. CZIKK.

Mindon, 3 1313513635 52331313 3133311103 1331 32111311 1113331113366 1116-
16113 32 0521131-3133)·31 3131113161 1131111311 3130211131 — 3 61133131 11131313-
131 - 53131 1331 163333 1116161161 113110211311131 35 3136131331, 1313111131 011
13531011131331 35 53131 1331 163333 1116161113 111111311131.

(1531 3203 13310131 1613135311 1113311231111, 3131131 3 131311 5231266351132
0531011 1311113312311133 131 133331 13313213, 1111631133 113613 11133131 minden
3135 3611235161.

Η3 3 1311331 13311111313130101 31 113111 1033611311 32011 3113131, 11131131. 3 13-
13513661 31311 3133 113131131131, 32311 3111131 11133111 1130313113ιί1 3133 35
31331102331331 3201331 32 3113131 313311313102011 31131 111311311 133366 11133-
13131313.

Α 1313160305 1033106133 31103361113233 313313101, 1613135 32 35311133 1333-
11231111 3 1331013203 31131 11133, 11131131 52311131 3 1311331 131111111313130101,
32 3133131 3110336353 353131133 32031133 1352313 1131363113131131 11112313366 3
131313111011 31131 1311311 35 61500310 13103353 3311111.

