286

333 333113111311113131131 3113111113 meg, de minden

1871 .· Χ VIII. t. cz. A ko'zsdqek rendezdse'rffl.

62. ἓ. Α 111 3 13333330333 13311633331 13311 3

1163333333 minden tavaszszal 3 mult 3νί 333- 3111133 1331311 33116 11113333331 31, 3 3311631611
3131133011 1113311133331333, 33 minden 6333331 3 113333 33111 venja, 3 3111133 3113131313333333
1616 evi 361133313133 13333113311333 1133311- 11133133311311113 33 11331 11633333113311 15 11113, -
33 111316 161133111316333 1313331 33 6331 1163- 1331133311 13333311 113103011333 50 11113 1311311-
3>’1”113331 13331333 33)7 3633111131 133331636133 - 11316 3 11631333331331 uton 3333113316 31133313

3633131331 11311 tan-tani.
Ha 3 3116, 3013311333131, vagy maga 3 11311-
113316133111131, vagy 1331313311 331 33313113 163311

bfintenethetik.
A 311333 3 3333331311 3333131333 1133133116.
113 3333331133 [3331011333 inditveinyoztatott,

13113, 1331111113Ιί 1163316133 3331113301· 131131113- 31363333 3 131311 11311 33313331, 30311 3 13111011

1111, 3 33313301 3 1161311333)’311 133311111.

311313133116-3, 333133 3 311333 13333113333

Az 313611 131311 3 1331133, mind 3 1331111113Ιί 161611.(1)

3633111133 3313133313161, 3 33 3301103 1311333116
1313133161 3 11311113316133111131 133131113331333
‘2¹4 613131 3 313133 31611 13131113 3113311331 131-
toz:Ji-eudes 3161333133 3303333 33 3111611 31131

Vl. FEJEZET.
A ko'zse'yi eldljdro'sdyrdl.
63. g. A 1133113316-13316131 331310331311 33 3

11116361131133 1111111 11133 13131311 13 1313111313311 16113313316333 133631313113 1163333131611316333
133333110333 313, 3 3 3111133 33133 13313131131 1131113 13313.

633116 1311111331οΚ 13 131313313311. 111 633116
1311111331οΚ 33033311 13331331) 24 613 1163333-
16113131 131313313311 33311 1313131113 313.

59. ξ. Α 11633111133311311 3 1313313163 11313-
1033311.

Α 133333110333 6311331131 3 1163333 33333111-
133113131131 3113111113 3133.

60. ἐ. Α 116331ἰ“113331133 33 31611316333 133131
1163111 33311 3 3013313133131, 3116, 133136, 13311-
611131111331, 1333333011, 331333, 3113333111 1113611,
3333131303, 3331311316, 1163313111, 01103 33
31313611 311 33313331131, 33 mindegyik 33311 0111311
1131311333, 31311311 31131 333133111133 311131131113
mnes,

A 16331 1133111331611 3 1163313133311311 131336-
1313313311, 3 113 131311313311, 1313361311ιί 11613133311
is, de szavazatta! 33311 3303 33311133 31111311, 33
3 1133113316-1331111313311 1111163333 13 133131.

61. ξ. Α 31111331 33 313611 311113 1333 33
33113 33, 6 133311 3 1333331103331 33 6111611111 33
63113311 31331311333 161611.

,1033333 33 1161313333-33333 311 33 3136113311 3
333311331316 3311331633301 31613 3033111011 11133-
13133 11133 3 1313111361 111313311331, 3 3 3361613
13131303 1313313, 3 33 31161 1331313113 311311,
1331· 33 111311311331 3311333, rendre 1113311331, 3
113 33 3313 1133333133, 3 3361 1613 3303 13131333
1113310331.

A 11316331 3331333113 33 313611 13331 131.

83313333 31611 3 11311133 133331133113331103 3
1330113311 336131 1031111333 311, 13131333111111633-
333 33313333 3 1633333 3313103313 11631.

A 333ν3331011 3 3361611 3331131 1131313311
33311133, 113 113 5 133 11113313, vagy 113 3 11633331
16133133103 3116333311333161, 1333131331333161,
1311133 333136633311 1161333161 33 11633331 1161-
3363161 van 336, 33 313611 3 3313331111ῑί 33313-
3331 3113363131 13131113 11613133.

11) v. ὃ. 1880: xxxvu. 11η. 4. ς.
12) v, 11. 1. ,3.11) 1».; 13. ,-

64. ξ. Α 11633331 31611316333 aiu:

kis 1163333333ει1ε 3 3116361 33 3311311333361,
(11133011- vagy 16113313116361) 13331333 ⁹2 13-
33333311361, (33113111, bites) 33 3 11611331361161;

333)ν 1163333311333; 3 3116361 33 3311311333-
361, (11133011- vagy tbrvenybird) 13331333 4 13-
333333Ιί361, 113-331313011361, 11633331 1331361161,
111316133 1331363361, 1163311331361, 33 3 301 van,
3 1331133 11633331 01103361.

Α 1331133311 13333311 131030113311 33 31611316-
33301 3 ’133333 133131 1131133111, 1. 1. a 1101331·-
mester, rendbrkapitnny, 133333303οΚ, 16133136,
1331133 1133133113 13313611, 16331333, 1331133
1131113333 1131333311, 3113333111 1113611, 1133313111011,
3331111316, 31131161, 1163313111, 131311313011, 01-
103, 13313611 3 3 1163333 31131 3 113111 1331113111
3331131 rendszeresitett 11133 113311133161112)

65. §- Rendezeu 13333311 131030113311 3 13-
33333311 3 3 133333 13133311, 3 301331133313111311,
3 1133113316-133131311133, 111316133 33 agyos 11331-
113316111163 1316 1133031111, 33311161633311 a 13-
11333 33 33133 1133111331611 31113113-, 103- 33 113-
133116131 3 3 333311-, 1133316- 33 33013333313311·
331333113331313 113311331613313131 3333311133-
113131131 3113111113 1333.

Ε 3333311133113131 3 16113313316333 1613-
11331333 313 1311333133116.

1113 33 3331 11633333111133 3 3116, 133136, 13-
33333311311, 1111116133 11333111ωο11 33 1163313111
11613133333313311, 3 33013333331311331 1313331113-
3311 1333311331133313 113313 - 33 111316 161113311-
11316333011 33 111333 1611331 3331111ιί 3131311313-
suk 3133 ⁴2 1163311 31311 3113131103 3333311133113-
13131 11033311.

Ezen 3113111303 133633333Ι1ὀΙ1 1113111311 1161313-
3311 3 1163333311 331 1163311 31311 - 131113131131
113111 viszonyaikra — 13331313333 31333113311331
3 33133311 3161131611 13336611, 3 3 330133-

