1871 .· X VIII. t. cz. A kazsdqek rendeze's6r6'l.

287

31316311131131313111311311113ῑό 6613381 3136311- 136 33 az 111316 6611831831331 11311113316 11138-
1·.31)11313131 Az 36631) 31601011 6613381 3136311- 6311831333 16311311, 3331161-333113 az 31136311 63-
1366313136 31111131) 3 16113316316338 1613-1310113 meg: 3 1131310131 3 66181613313 13136-

11381333 313 13113311331166.(1)(2)
66. ξ. 11361133 11131331 6111. :

bezhet6.

69. ξ. Κ13 661338366311 3 61161 33 1311333-

613 33 11381 66133836631) 3 138116, 111316138 63113631 3 1131331116 1161611338 (37., 38. 33 39.
1381166, 3 6611381116, 33 3 601 van, 3 13111133 ἐξ.) 3 6611381161 3 316131631311 6311338311

6613381 011103ς
1361131311 13113331) 1310306631) az 31611316338,

6311113316-133111131311136 3813131113 2

11381 66133836631) az 633133 31611316338013

a 631316-33 338311- -313111311131 131311136611 1311-113133116-661611338ι

(133 13813.

1311631311 1311113311 11310306631) 1131118 3 631)-

Α 1113133, 1313111131 az esetleges napidijak 1113316-1331111311131331113

mennJis6g6ta k6zs6g szab6lyrendelettel 3113-
pnffisngs nagv 661338366311 31. 3161131661136

70. ξ. Az 31611316338 3 138116 61131313131ε
613 33 11381 661338366311 6310111 3113ς
1311631311 13113331) 1310306631) 6 6vre 13-

3113136311 31133336- e 11131331) 33 1113111111 ? 136111- 1331131111.

131131 az eddigi szok6sra‚ 3 661338 13810111

Α 661338- 33 1161138116 313160331181311 11138-

113101113113 33 az el6lj6r6k 3110813113133313, 3 131113 6111313131, 3 311616611831831331111011 3336
1311111661 ξ-6311 31161311 313631113111131316311 1113- 661316316 3331366311 11101111113163116 en:

8116 3 66133836 3113611136 11138.

α) 6613133338311136 1311331133313 1316 313813-

67. ξ. Α 6018311633131· 3111 tendes flzet6se 13113383,

63133366 113111 13631 uzon 13136310311131, 11131131
az 111316 1611131116316338 3 31018361136 1331313
61383113ρί1.

Α 661338138116 61313331 3 11381 6613383613
113113 3 636113316133111131 ω386311831333ν31 3 3
661338, 111316138 3 316131631311 631133836
3111381 νὶ31011131601 636331, 3 161ν31116316338
3113611111 11138.

E 1113133, 113111 3131111113 3 13161331316311 61-
3101831131311116 3136311 136331, —- 400 0. 6. 10-
11111631 631-’33366 113111 131131.

Α 131311 16111331 6166631333 31611 111383113ρί-
1011 6131333631 31366 313111131ιί 1131613631. Kiv6-
1311136 3 136161316311 3336 36601· 131131 63113, 113
az 111316 661338 1011316311313331 6161013113, 3 63
31331311113313 t6rv6nyhatds6g 6311636638113.

Az 31388011 1381166, 3 3 1381166 6113813133
311131 30133636 61110311333161, 338311- 33 111118-
111111311113136 1381 8131613131313613131111333 31131
a t6rv6nJ'hat6s6gok szab6lyrendeletileg 131101-
636161316311111. Ε 0131661 1666 161131116316338
13 31613163163116.

Α 1381166 31131 3111118 633163116613381 1611136
1611613 13 3 1381166631 6381311666, 113 3 1611111311
az 3116-63133131· 31311111 16111311 31116131136113, 3
16383113611011 63316361613133661 131063163116.

68. ξ. Α 6611381161 3 316131631311 631133-
836 6616331) 1113116.

Am, hogJ valamely 661138116338 3 661·-
138116 16311311 3113811161 13 13113011,1ι81311111311

ὁ) 61131316311 6311138338,

3) a 661183183133 66136311 3166131311 113313-
313336 1111311.

6111163131) 3336631) 3 661338, 11381 31 111316
1611311163163381 6311113316 1313111333 10111311, 3
1611131116316338 66181613331136 6313101313 31131
3 13811131 6611831831331 111011 3160333163113 61-
131313 1.

Α 1611131116316338 63131013131136 6011113131
1111111118 vendes vizsg6latnak 6311 6138316ῑηί3.

Α t6rv6nyhat6s6g 6313101313 131366316316 3
63111816111113131631.(3)(4)

71. ἓ. 1113 661338366311 3 61161 61131311 3336
1311116111111 36363110113133 3331316311 13631 visz-
31311133113111, 3 3 61381313311011 661338-13603
100 [01111118 131131163ιό 6111113133 311113 31311
13831366 egy evig viselni tanozik 6111113131.

6336611611363113110113133 3331316311 3 11138- ,
13133110111136 1111106011 1011311101133313 az 31131131)
31113 meg 3 16161361331. Az alisp6n 6313101313
1313663163ῑό 3 16113616316338601..

Az, 3 61 3 61161 1131133831 11131· 381 31131) 31
viselle, vagy 3 61133801 13613113, 113111 6613131-
6316, 6081 311 1011366 1133113, 1381 6 311 13101-
8333 31311 111661 3113113113.

79.. ξ. Α 6613381 31611316338 1313311333 3
6613381 113111111ῑὸ 31363631) 3316616113116.

Α 1131101116 3136 3111663 613 33 11381 66133-
8366311 3 3101836116,1381 363631101131333 333-
1311 3 161136111316338 31131 3 3131661 31613 6113-

311 13, 6081 3 1161138116 33 3383111381ῑὸ 11131116 1611 6311311333;

k6zs6gben 136136, 3 3 316131631311 6311315836

1311631311 13113331) 1310306631) 31 31131131) 11381

16111133116311131111131136 3 6611381ῑὸ 11131333-3631131101131333 33313631) 3 6618111133 31131 3
hez 3 3 66163 61363306601, 3 636113316-13311113- 113813 6161116611 6311131133.

mnam&

(2) V. 6. 1876: XX. 1. 31.. 6. ξ. 1113301116 bekezd.; 1886:xxl1. 1. cz. 64. §-

13111 ὃ. 142. §-

(4) Ε 8-1, 1331631), 11131·- 60136631) 1131311011 611111 6311131133 1876;1·. 1. cz. 18. ξ.

