1871 .· XXIV. t. cz. Kiadatcisi szcrz6d63 &ed-Nomdqorszaqqal. 297

11. CZIKK.

ΑΖ 3131113111) 3111801011 111111131311116 38313111113113311 11113113113111131311113 3 111-
31138,113 3 1183131111ιέ33 3 81· 311 1353 1101135 13113113 83311111 1131 311 113113 8331-
1333113131 1353 1135301111 11111113138831 8113131111,1353 113 33 08311311111113113
83311111 3 «1111111311» 105311113 313 1353 3131115 3 11135331· 1111113113 311 83311111 811-
1308 11111113138 313 38111.

1. Α13353111108835, 533111131153111108835, 0153111108835, 1113153338, 53111108835.

2. Nem 833111131108 3111113111138,811130813811831138311 38 111358311338311,1113-
13311 ξΟ 113311131 t6bbet 13116 11313583531 1353 11111111131133113131183531 10111311
magu 111311.

3. Κ31113311835, 1161311138, 3138331108 11311111111311811138,11135331311133138, 3 1118-
11011131111311 8311Ιὸ111 1353 1311153313111111131 111351113011 1131111313 11138 833111ρΙ3
311311 313831111383 1353 11135131133131383,13113113313138.

4. (3331313111311138, 3 5331111311 311111101383,13113131313,111383131383 1353 111-

131383,1153831111311 11135311 533111131111311 1131081111 83311113111131 11138 3831311113
1313 11338311131383383.

31] 1131053138.

6. V,{sutaknak 131111131111311 1353 11138011 voa 3011311311 833111131108 11135101153-ὴ
1383; 11138011 1115311311 13530330311 3138331108 31105131383, 1313111313 83311131311311
3113533383, 3 83311131338 83311311835111113113131311 110113101383,138331338 131133-
53138 1113811311 8331113133 1353 13530113 311311, 38310138.

’1211311138 38 103138.

8 Hamis 313113 3811131383,1353 3133313113311 1131311311311311 11183111111383,113-
11118 1353 1131111811011 313113 113110331313 1353 1113111183, 313311131311311311, 31131111
j6ved6kpapiroknak‚ 111111311331111311, 3 1131111011 31131 kiadott 1353 353 311 1131113ὥ
1108 311311313311101111311 111351131111811383 1353 11311311111 11311118111311301111311 113110-
331313 1353 113831131313.

17318351 011113101111311, 33 31131111 1353 3 11113113138351 313383131111311, 13111331311-
11311,113133531111311 1353 3311311331111311 1113113383,1353 33 113 1113113011 13153311-
11311 113831131383; 11330111131011 1353 11113113138351135 1111313811311 0111131011 11135311
38 11313811311311111, 1353 11311110111131011 1131111811383 38 113 11311118 0111131011
11383331383.

9. 81111835 elfini hamis 13111181101138 1353 381111; 8331131161 11311118 13131;
113111111 1353 83311311311 111351·38313531383; 11311118 13131138, 1353 33311 111111-
11311331113 1313 3831113338, 1153 831111311 33 3331111311 val6 138338835.

10.Κὸ31183111831611 38 k6zkezel6k 31131 311111131311 811111383138; 1111311113131110-
11011 11135138313531383.

11. 083138, 11311118 11111138 38 hamis 113113811311 1313 138338835.

1311 13115311 11313811311311111 11333 11331113333,11011113113083,13331633 1353
8301531311 833111313331311311 lagja 31131, 3 bajo 1353 33 33011 1313Ζό 311111 1311111-
131311311 31113131311 1131133835, 33111111138, 1313111313 113311 8331113133313 111131,113

-a 33111111Ιὸ11 3 1133111 3831 1353 31383311 31131 1131311111111113 113111111,1353 331 1311-
5311 1311131111311 3131131111.

1110211111.

ik gogikai 1111111311311 1353 131835311 3831311311 8011383111 311531131333131111 3
13 3· 8

Α3011 353311, 3 ki 3 111111131νὸ 1ὂ11311311311 1313111313 11138 111358335383 1111311

