452 1871 .· XI, VIII. t. cz. Kerask. 35 1131336151 ,ezer-2. az Arqentitm 1133ίά15.

XV. CZlKK.

Ha 33 351111 311331 1313111311 1131313 1351’331131311311 311311311331 13513 1133113-
1311 3 1335111 1111131311133 vagy 113111313 13113131, 3333 13113131 31311, hogy 53111311-
33133 3131131 ki 11331 1311 vagy 131 3313 vett, 533113133133 33133351 11131311 313,
313111 11311111 33133 5331131111 33 3153351133, 3313 sog ν333131, 11111313 3 1311-
1131333-, x'agy egy6b oly 1113131131131, 13311311 13353353331311311 31131 1311 5331-
53131311 31351313131333531 1331153111.

Az 1113131135 1331111131313311 31313535 3113511353 31311311 1335 sog ilyenkm·
33531113131, 11351Υ 3 13113313311 11311333 311111 1131353135 31113131353 135311 3
1131113 111, vagy 3135 1131313 31131135533311, 1335 3113335311 1131115, 31131 3 1133-
1311131311 35 33133133311311 11313, 3131)* 33 31311 13111313335313 35 3 5311111 1131311
111’13ν11353ι·3 5331153531131111, 3313 1353311 113ν3131131111.

va CYIKK.

Az osztrzik-magyar monarchia 113153131 kik az Α15331133 1133131535351133
13133135 3313111133 13νό 131-11331311 5331131 35 3 1113111115 3333 1311331311 3113-
3131333311, 33113133313 f6ldbinokot 5331333311 35 11113311, 33311 1313133331
13111313131133 3513333311 13531131 31133333111, 31131 113533 35311133 Α15331133
113313153535 33153131, 35 3513333311 3113113311 35 11331313311331113533311 313-
13113, mel3 31131 Α15331133 113313153535 f6ldbirtokos 113153131 1153111311.

1 ⁴· 1131311111.

Ha 33 351111 5311133113 131 13133131)1 11315313 3 11135111 11111311311133 vagy 1313-
131313 ν35133113131 hzilrahagyz'nsa 33111111 311131 35 3333 31533511311, 1113111133 3
1131313531 1311331,1311331131 53311313131113513 1353511311 5333131) 33111 131331-
1133111, 3333 33313313311,1331)13311 33 elhun31 13513 1311, 1311335313, 3335313,
313335313,ν3511 consuli 35133113 3 313331 111311 331 33 111313 3153353311 13113-
113 31 3115311111, 33 31311535331 3313133 3111311311 3333313311 131133) 53311311
1131111531313. E 131335351133 3 333531, 3 13333111133 33133 31533513111331131
33533111, 3113113333 13531131 511311313113, 3131131131 33 3131153513 13113311 533-
1131 1353511311 53313311311 513113131331333311, 1111313 3 11333311 35 1311311 3111313131,
31113 mindannyiszor 1111131135 1335113131313335 5331153535ς 1113133 11333311 35
1315) 311 13311331133 3 333531 35 3 1131111313535311 1131353335 35131311353131
1131331311· 113113311111 53331311· 1133311133 1311311311 13. Η3 33 31311535 1311111111311-
1131 311, 33 31113111311311 13531 33 1335333113, 33313 13333113 1311331311 5331131
13511311 1311113313131.

XV 111. CZIKK.

1353 13ν3113311 31131 11351331131311135 31131 eg3‘6bk6nti 31313111353,351’ 1313-
1133333111 35 33133313 1353 131313333311 3131135, 313333113335, 35313, 33335535,
ν351·33113131 31133 1351 11313111) 3135 1331133 31131133353 13111313131133 3 133535
5331331111 131311 31133351111133311 1131531111 3 3135111 11111311311133 351313131313 3
nenlzetbeliek6xel eg3enl6 11113153 31131 133313553531131 35 13531131 1353311
3113331 35 5313311 35311133 1335 xagy 133535311111311131111311351 3333353111131
333113533111113113131, 311313 13311311 3 333133111311311 31131 113311313311. vagy

