446 1871 .· XLVII. ι. cz. Keresk. 35 hajdzcisi szcrz. az umquayi kdztcirsasdyqal.

1311131611 3135,111131 111161 11313133 31311316 331 313, 53131115)Γ 33111 k6nyszeri1-
1131611 3301311051 113161111131, 33011 1353315353131, 3131111131 vagy 1131351136311111
33111113111113131131 1313111311 11310331 1311313111311, 31131· 3113111-0111161, 31131 11311111-
nemu 11633163111161 13531 1351·,33311 1111313,113 11131 3161353533 1335311136011
113111611351 nyernek 313113.

XXIII. CZIKK.

A 1113535 53313666 131311 3 11015313111 116311 1131351136313133311 nagy obb 1113-
10511353 135311 megegyeztek abban, hogy 113 3 11631611 13333116 11313153505
{315232'2'1213505Q 1¹33? fflfflffissai‘a bssffi‘ssf 553351003 essissfflnm‘iffiffffl
015335 113153131133 13113311,1131 11311 vagy egy 3111 166 335361355311,11051’ ugyei-
1131 1336333355311, 35 13113111 131311 1313311361135533311; 3303131111 5331136 11131131
105 nekik nqu‘tatni‚ hogy 1315335311 53311311 111116161133 533111135533311 1131613,
xagy szabadon 1313531011 5331331 11103 hagy 11355311 31 33 111316 3113131311113131.

11136330331131 533113653511111133 311336 3 53313666 131311 35111135 11111011311133
35 1316131313 133513131136311 1101531313311, 1105)1 113135113631111111131 35 1113131131
131113533111135 33111111, 53311365351111 35 13131603311 131135 311333131133 1011131-
11355311 1313636615, mig 113113533 11531111 3135111131 35 3 1611331311 31133 nem
13133311ς11311313311111 1356 vagy 13531133 13113111 113615135133311 33011 31131
53131 111110113111133, 31131 11135 5331331113 135)1 33 31131313 111313, 331 313 13113131
vagy 1335 366335011 35 131113111131 1113113131 33111 1053311,13131 3 melyek 3 1131-
16161311 1313160331103 1311036 11350316 131311 35 135653501113 1011313311.

Η350316 35311133 31353353313311311 116311 36655351 1161313135311,116331311011
35 1315111311 13531331311 33111 1053311 sem 331 313 13113131, sem 11553313113131.

XXIV. CZIKK.

A 1113531636 3311111311 331310331313311 1113535311353111 3111133 35133111 11135 3
1131 1113535 53313666 131, hogy minden 3 1131633513, 113135113631311113 35 3 303-
5111011 1051161313 1033111036 1136133111331, 1111311535 vagy 3133135535, 13311131
egvikiik 1313111311· 113111136111 3113111 1101531313311 3131 133533536311 10133, 1351·
16161133 31353633,11350316 35313111133 35 11616113331311 11631 3 11135111 131 1101-
5313113 15 11113113531355311, 35 113615 135133,113 33 3353613331· 3 113163535
3113111 1311313 15 13513335 1101313511 pedig 1335131316 11311161135 13311311,113 33
15 1311313135 1011.

XXV. CZIKK.

,13133 533136635 11313113 33 3156 3311111 33131033131 111316135 3113366, 3 1611111
03111111133105131131131111316135 3 11135316511351 011133311011 111353131353 331113161
5331311011 1110133 3115 1311.

1)3 113 egy 31131 3333 113131166 13101113 31611 3 53313666 131311 egyike sem
nyilvimitana 1111313105 11103 3 533136635 33131133311 13355363131353 113311
5333631131, 33 111136 3 1131 13113 333113 1011311113 egy (wig 1113136 3313111133 3303
3311161 5331111113, 11131133 3511111111 vagy 1335111311 331 131130360113.

