244 1871 .· VIII. t. cz. A biv-ak 05 1111051191 hivatalnokok feleld'ssdqc‘rdl.

131110 10331113 1011, 333111133, 3 1110113111)οη 3 1102131110 3 39., 43. 05 54-111
ιξ-01111311 033011οί1 10110111111101101 30111 0130, 501 3 13011111111011 3 1103131110 31131
3 103101131 0113135 11103531131010501 (42. §.)‚ 31131 3 13111011 101310310501 (49. g.)
13111113310333, 32 0113135 101113135313, 111010103 3 13111011 01133135213135313
011031331113311 101101.

[1313110303 103011 31533113311 3 13333310110 3111101 15, 113 3 1103131110 31131
1303131111011 1031011111 ν0113135113 3 13111131310231 (43-111 ἓ.) 01011 11031311103011,
3303 0110105501 131333331131, 11031 0 11031311102353311 3 1031011111 0113135 110-
1311111 103050101110310110 1155233310 1101011353 niues, A 13111131310231111311 3
1113333101 1011110 110 110111 313111031131111.

Α301111311 0 10331 3 1113333101 1313111101 05011103 05311 3311011 311310110310511-
11011, 3 1111 11010105 0 020113 1111103 31031131311113313313131 01131111, 5 1331 1311111-
1311 32 0150 3333521010111011, 3 3101111οη 3 1031011111 0113135 3103133113531 11011,
1331 1101113 1103131110235 050103 3 11031311102351 1101103111οη 3 1031011111 11110-
5333311 00101031031.

Ε303 050101111οῃ 3 1031οΙ131 11110533 1311133203 113131033101131, 3 31011011 3
10103 1010201 0110113011οῃ 3 11031-31110131 110310311011, 3 1113333101 1131νο1101οΙ 15
131102111 11020131, 5 02 3 1135331311 113101131 mind 3 11110533331, mind 3 1102-
13310331 11311311101 1303101113111011.

Α 10101111ν11011 1131311110 3 31333310110 30310, 3 1110331111οη 110111 0 1011031
52011111 10101111111011 1033 van: 32011 3311101 5331311131111,33101103 3 103133103311
10101111111011 1033 101311.

113 3 1313131351101· (49-111 ᾗ.) 3 1102131110 3 13111011 1011303105οῑ 110333 13135-
131113; 3 111333111οΙ 33110110, 113 3 1103131110 1313513131133 11103 110111 3133003011,
3 13111011 1303113310105010, 3 11331οῑ05 30111010 5 3 3033113310105 055303010
1131112011 1311111311131 11010105 33031131 13031οη31 3 30111111, 11031 0 020113 3 131-
313135 01113135313531 11010113021101110.

Ε110311011 3 1333331013011, 3 13111011 0110111 103101131 0113135 3103533310105010,
1331 3 13111011 1011303105010 113312011 1101011110, 3 1102131110 011010 1331113313-
11311 0110301103 101113101110 30111 1011010.

(10.9. A segyelmi 11110533, 113 13113, 11031 3 [1333521011 050101113031, 1331
1331353135 1133101101 110ρο3; 32 113101131 101311111 0113135 103011 32 1110101105 11113-
1010 111105331103 10521 31.

(31.5. Η3 1131111011 111131313011 011011, ki a 101011 10110111 1.). §- 313 131102111,
31131 3 1031011111 0113135 10113133 11021103, 31131 1101113 321 130301030103 1131113111
0113135 13311131011ε 32 111010 11110533 11010105 3 1111111010 per besejezuivel az 052-
5305 1133113111 113101131 3 10301013 1101011οΙ 0311111 3 1031011111 111105331103
3303331 3110331, 11103 3111101· 15, 113 3 13111011 3 1111111010 11110533 31131 3 1311 3101
10110503 1011303101011.

A 1031011111 11110533 3203 05011103, 113 3 13111011 3 11331010 pet-ben valamely
1133101110 110210 1133053011 13131131011, 110 11113131105310510 110111 1101101011; 1311-
10113311 minden 101311111 11111311331353 30111111 32 0110110 310313111133110 5 111010103
10111313330 1031011111 0113135 1131113203331 1310311011111.

Η3 1101113 3 13111011 3 11331010 pen-ben 3 11331011 131113 3101 10111103101011, 1331
05311 1313111011 1111111335 131311 1101101011 11331010510, 3 1031011111 11110533, 3 1103-
131110 130311311331353 11133 3 39. ξ. 0110131011οη 3331103011 01011 3 1031011111
,0113135 1303131111353 1331 1301102050 11331 1103 113131033101.“)

 

11) V. 0. 115. ἓ. a) p.

