1871 .· XIV. t. cz. Az epm-jes·tamowi vas-ntrdl. 271

333113, ugy 31136533 31131 3133311533 1311131313- 16113531351 1133131101 3311511133 3111131133 111310511
113113Β133331-νο331333311611331·311631.(·1) 33 311331, hogy 113 33 3νί 115313 1613631313
31). 3. Azon 1111311311, nuely az 3113113513110- 313111616311111111 3 1333311111 11131051101165533331 ,
mais 116365 11353331313311, 3 113553-01131113181 35 3 16113531351 1133131101 31 nem 3133, 3 many-t
·ν35311315111313311 1133133116, 33 11313115333131135113 az 311331 [1610131 131103111. —- Α3 311331 31131 3
selvetethetik. Α 33133311 1315111311313 13531133 3313133 1133133116 6553333131 3 ministerium
1111133116 5331361135 3 31131513113313311 313311113- 3311511133 vagy 3331103331133 5301331131113113 ki
’1115 35 1131111133 11331115 vegeti 11331313133116. 33 333311311353311, 31611111 35311133 33031133 33
Az 3333631135 131103111 1013111111 33 31131311 11131ν33)’07.35 3311133 131336 331151331011311 meg-
31101335331 33 311331131133311 113113 311131131133 1313Ιὸ 36113111131,
5331153335 111 331111333531131 3 1111131331 31131 Α 111310511011 11531316ν31131331 6553333 3303
3133331310333116 313113111133 13113511331, 5 1111131135 5331131 3113311131011 meg, hogy 3 [13113-
3311113113 1313131311116115333113133 31111351 31311- 1103 3131113163311131 5331153335 1131311 3531163611
113113113331, 3353313351 3113113 mmo 111 0. 3. sog 11311-
31. 3. Az 3333631135 11613135ε 11153131.
α) 3 1103313351 313311313101131 33 3383113113- Ha 3 29. 3-ban 313ἵ113111311111311 35 331311
3351 16111331· 113131)’113131113 1131113161 5311311113 [33111131331311 5311311131111 3111331161 13311116 113-
Q 1131 31311 megkezdeni: lyeuesiffise, vagy 113 3 (11.1,111 11) 1011111 11353313351

 

 

A

b)a 135313113113113190 3311 31311 3 1111131311)·-“ 3113113311 3133131316 35 16 11313111311133 1311011

1103 13113113531331; ' sorgalmi 3531163611 53330111353 5331153835ερ
e) 33 31111351 3 135313113111311 1131)·’1133113513531 11313311, 11613135 1353 33 3333631135 3 1101313311
unzin 3303331 megkezdeni. ζ 111ν3331313 az 31131311 3133311133111311 3131311113-

Α 1101313111· 3113111133 1161313ῑί 3131531 3 113-1531, 1113161311 3 1011131311 3531163611 533301113531
31311011 1311311 113311 33131033ιὲ1 3 1133131135, 35 1131113 3111101ι 113 3 113113 1633331313 3 1131311-
16153313110113311163311 31311 33 333311311355311131311 3131116113 80111-31 31311, 5 33 3333631135
13113131. ga 113131111131051135 13131133 33 3113111161 nyert

32. ξ. Az 3353631135 1161313.ῑί 313831 33 33-ι 3161333131 1133131131111131 33)·1111 1333131113113 --
gedc'elyezeu νο33131 33 engedfflyezae'aesi 1611331· 31111113531311613113113311161,31111311113116ν31113313
33131133131113 3311131111 5331311311116 ⁹23 11311131611311331133 3 11013133γ31131131351133116 1111163
1131311116 31311 1131313331 35 3 1013310133311 ait-¹ 3313331331 31311311, 3531163613112)

31131. ι 33. 3. ΑΖ 3333631135 11613135 1353 33011

Szabadszigzibau 11113311 33)·31111331 33 31133113- 35311133 —· 113 3 135111 1533501533ςί 1353313 33
11353311,1101513111333111133 3 13133133 &medie-¹ engedfflyt 31 3331 ssyer-nse, 3 13133133 3333113-
lyezett vonalat 3131111 1131313333, 3313 111111361ῑρ 1133311 3353111313133311 31311353 1111313 113553-
1131311116 31611 15 3 1013310313311 3136113553, 35 a, oderbergi vasn1m'u·s11!atta!‚ 5 33331, 3 111 33
31. 3. 311311331133 3 133 356 111310511351 65533- 3031135-13130111 13531 1133501533311353313 33-
get igenybe vehesso.. 1 33113111 31313311, ogyezkedni 35 33 11313131 3

33. ξ. Α3 3333631135 31131 33 1111313305 fex* 113116 1163111 333311 3131131, 1331111311 3 1101313311
13131311 4. 3·a 311313131133 1311133116 0131051133 33 31113311311351 1313131351111 31311133, 33 enge-
313111,ὠο sorim, 3333 113103153333331 10113113 1131135 313311311331353 111311 11113 1131113111.
3313103131111 5 3 1101133313311 1111531133 3113311 3, 113 33 3 1353111131 1318)·3135011 33 3333631135
113113 1113111135313 311636113313111163311 az enge· ’5 33 1113111311 131535311οΚ 11631 1131111336 31311-
1131)’35 31131 meg 3331 1311353 3531311311, 31331·- 11133113 3331 1333133333, 10331133 3113311 3 1101·-
nyiben 3 4., 24. 35 27. 3·0kban 1111161611 jogfi- nninynak uj tris-gyalzisokat 31133113131, 33011331
val 3131 3331 3113133, 3 1113105113111161 1111111311 1163113313131 35 3 1311316 1113101111 13113131311111-
13131133, 3131113311 1133135313 33 3333331135 ma· 3531163135313 1131011351 3131010131.

331 33311331 1161311131, 3330311331 1000, azaz: Arra mSzvcu hogy 3 113113 6331111133 113331-
egyezer 0. 3. 1111111101 111161 11331’31110335 33111111 1355311, 3 11013133)Γ 1111161165 3333113113 sziik·
levonni. 1 531535.

31. 3. ΑΖ 33331131133311 1135113113 ulain, 113313 3 113113131311103113311,1113116133 33 33-
megnyitzisa 1131113161 5311311113, 33 3315311311 3311311331( 1113513 1333116 311111133353 -31131311
1311331313 imago-<an 313111ὃ1113111113131145,91)11 3311111133 33 3311311311’-0111333)-· 16-111 35 17.
111, 3333; 3331133613331 111133335333 ο. 3. 111 ,ἓξ-3311 11113311311353 3331 31111316, —· 5313133
115313 1ὃν311313131 5 3333161111 3 1101311131 31131 35311 3 1101313111 1131333)’333531’31 161133331111
jovinhagyandd 16113531351 13111 31311133 3 111110353- meg.

1011 1611311311 meg 33 3333113111 13113313 (90 311) 36. 3. A pzilya 3311353331 111313 31311 11613135
313111 1611353135313 [0111113336 bizonyos 331 33 3333631135 3133113531 53331313 1101113331131

 

 

 

11) V. ὃ. 34. 3.
(2) V. ὃ. 32. §-

