1871 : XXIX. t. cz. Keresk. szcrzd'de's Japc'mnal. 337

A 1311301 1111131310011011 0310011301 113311 minden ily 010000 101101001011310-
050013301 10031112533111310311 05 0 11031101 3 113011111313113 1111010011. : 111 14 1

Az ilyen 11125331310311 32001130 3 1101111011 110115030 05 32 311111 01035011050
00111111 11011 10110001ος 3 1112533131 1110310110010 0130 3 1311301311 110ιο105011 32
3101131 01011111 31130010111130, 3 010001110 1000150305, 1115523100ῃί 3 0501033113ς
0313113130 110013 3 1112533131 1332011131130 1131352135 00111111 0521102011055011.

Η3 3 1013100005 11331 110111νό 0521010521, 1103)* 3101 0111021100, 111ἰο1011 00111
3130311311 110103, 01031003311311311, 3 113011131053301131 0200 010310033135101
011051111011 05 3 1003311 31111131 1101 113311 101111 1110101105 05 105210031131130 520-
1110111 31131 01031100511110111011. Ε200 520100111οΙ1 110110 1112533131 0130 3 113105520-
301 minden egyes 3100500133031 5232310110111130 111 1031311 01013101 05 03130-
321 10311 05 52301 0130 101101; 0200 bizonyitvz'lny 3 1101151011 31131 3 1130111310-
533011 1010010101)οη 31311311130, 3 110111νὸ 321 1010010501102 053101113113 05 11103-
101010 101100351 101101.

Ez 32001130 3 113011131053301 nem akadillyoztatja 3 11005105 3200 0100131130,
10011 3 10100 1131310231.οΚ 31301301 52013310 5201201105 vill. 0211010000 van
fenntartva.

A 11301011 10030201050 0130 3 1013100005 00300011011013011 103 ssyen-ni,
mely 10011011 31131 3 113101111131311130, 31131 3 113100 10110 31011 00111 1115201331-
1313110011. ,

Α 1111110110 52301 1311311 1131013 523111135011 01011 3 1311301 11301111131310311 110-
101001000011, 3 10100105 1135113 1031313000 05 11011, hogy 1311311113223 3 11310

. 001101, 1001111101 0152311111310311, 32 3100501033011 1031101105 52301311, 1131310101

131131111οΙ1 [000011150303 0110050301 05 01101101. Α 11110110 11010105 00110 31311353-
1131 11351133 111200111301 321, 110311 1010010501100 3 131131131 1111100 5010113 010.

Α200 1311311, 1001γο11 1111111οΙ 0201131101 1131013 52311111311311, 01101011 3 11310111-
1131310311101101001011011 10103, 1131310101 3200 3100501033011 15,1001)10111111011
1313131131 13113110320311, 3 1311301 11010130113 5231130311.

Α 1131011,103001’503 05 11132011 0113135313 52013310 1313131131, 113131010132
0132011 1011311 5111., nem 11011 101101001001 3 11310111113131031.

Η3 3 1311301 113101111131310011011 1131301011 310050103301 3130050311 1311303-
0311, 03130321 101031310311311, 110ιο105011 32001130 011·οΙ 1000511301 3 05352. 05
1111. consuli hivatalnokot.

A 05. 05 1111. 0005011 111131310011011 11313102313 1011130 0111011235 313 11011111
131311 3200031 3130300011 3 1311301 03105330110311, 52101031 3 05. 05 1111. 000-
5011 111113131οο11011 31131 111νο1011 000200010105011 02011 31131 031300111313001 110-
5200000011 05 3 1311301 03105330110311 3152013311313110011.

Ι V. Hatdrozat.

Az 01100013513 11052010 1131011 1311020311 24 0131131 0101111 01101 1000511301 3
113011111131311, 1110111 1131311οὄ 10101113 01311 32 0110110135 010300300101111. Η3 32
0110 11003111020 00300011ν 0103133301310011, 11010105011 3 ν3011111131310011011 3
01031333013135 0113101 0110511001 3 11310 113111130131 1133)1 32 31011 0111111001οῑ,
1131310101 3 05. 05 1111. 1131001101 15, 111 3 11310 1131111301130311 3 10101010001102011
1131001111130101131 1010030013 111 0001 520133113130013, 0113 110 0001 [0013130013
3 113101111131310311 32 11101011οΙ1 10030201050101 52010 01031311130131.

Cs. 05 1111. 0301031011 5001 01110205011-, 50111 111001351111101 5010011 101001051

nagyar T5rve12ytar. 1869—1871. 22

