1871 .· LI V. t. cz. Az irtvcinyokrdl. 497

11313011 5231131 1111133111, 3 31313311 32 1848. <ivi 10111333311 31131 13385233131311
11111311 11333501311101 1333111313111 308- 35 11111011ν152033ὀΙ1 133332353161 52010
1. cz. xl. 133323131133 13311311 31383113ρί1113.

13. 5. 113 32 1111333011 30831133335 113131 31131 1115523131111311330113311 11103-
11311311 111 1383 1083311 32331111 1113103113131, 3 volt ΓόΙ1135111311 11013135311 3156
35311133 3 33133 11111333 3131113 13313131, 31011111 35311133 [131118 32 32331111 110-
233110 113131 30831613 3313111311353131 52331113ηά0 383 (iv 31311 32 31131311 111-
ν33301103 131113 13110235011 3138131135313 1033111020 1131353131131 32011 1311333-
523111132 3333331331, 3 1113133311 11311113131133 3 1338131135 313 1311020 1111333011
131111523311. Ε 1131311113 31111313521353 3 111381311351 11313531 31311113531 10333
13383 11133.

A mennyiben az 1111333011 113111353 3 11111111 3130115231131302351 113111353111131
3831111 131833113ῑί11, 3 31381311351 11313531 3 1111101152311313102351 31311133 15 3113-
11 3511113111.

y14. 5. 113 3203 1131310111133, 3 133133111133 3 33133 1ὃ1ν333 5-11111 523113523
311131313235113 36, 32 11111311 13311335231135 5 1113111138 138051135 11131 133811111331,
3 1115523131111310 1131333011 13131352311133 11310 1310521353 8321135381 5233131031-
bol 1311313138 01311331 35210213333, 11083 32 38335 111ν3331111101105011 31131 3
volt 1011135313311 3133831133113 052131311011 11552383213, 052131302011 113351101-
113111133, 32 111133311111011050113101 311131331113, 383 1381133 33511135533311 ki 3
von 1011135111 1352313.

113 32 3 113133152033011331 10813 3313 110133 13113153835,ν383·3 1131Ιό 11138333-
11135 32 38335 111131131111101105011 11021 32 3111313323513 33213 3331 10133 352110-
20111313, 3 volt sdldesur 3 13131352311133 3310 0521311311 11313311 11011313111311, 11083
3 ν15523ν31111310 11111333011 mint megvz'sstando 1111333011 113231135533311ς 5 3233
35311133 3 33133 10113333311 7., 8., 10. 35 11. ι8-31 32 113 11111333101113 15 311131-
13323311011, mig 311331133 3 9. ξ. 11313133 3233 353113 113111 1313311 ki.

A jelen szakaszban 311011 3313521351 308831 32031133 3 10111011135111· 11111113
113111 311131, 113 3 ν38131133135 32 5. §- 311313131133 3131· 13381311331.

155. Α2 1111333011101 3310 520183113135011 11311331353 32 1868. LIV. t. cz.
93. g-imak i) pontjinbanffl 11133Ιὸ11 11110538 31311 32 383330115231131302011 3133135

111333 3521102133113.Α2031133 3 331131311011, 3 31333311133 32311 30831133335 ,

113131 1383 38332538 31131 1338311331113 3133533311, 3131’ἰ’1113113311 13111313311311;

a) ha azok 32 1862-11111 3131 31383ΙόΖό 111313 353311; “

b) hadazok 3 1131131311113311 11313531 13381311113531 13383ΙὸΖό 1131031 31133
tul 13133 3311.

16. ξ. Α2 3233 1011333· 31331333 1313511331Ῑό 1183131311311, 1313111033νί 31113-
135011311 35 13133511311 111101 3133135311 dij, 1131338 35 1113351311 11131311 3331
6231131111.

17. ξ. 1311131313, 1183 Κι·35233-, Κὸ23ρ-82013011, Ζ3133113138331113 35 116131·-
ν11131113 332113 3 111331113Ζὸ11 13311311313311;

1. Az 1819. 3νί 3331131 1-33 31311 1311 11135011 11313531 313 nem νο31131011.

2. Ha 1819 013 1848. (zv 3331131 1-3318 3 volt 1011135111· 11131313 31133313
31383 11105 3111611311 1311331311 32 11135011 35 3 volt ffildesur 32111311120331133,
32 111ν3331011 32 111351 11011538 313813111353 31311311 νί5523ν3111131011ς 32 111351
11011538 3οἐἀ331331 - 110111331 1600 U 01131 5233111113 — 112 0. 3. 11101 meg
3313 1131311 31.

(1) E 13311311132351 31010133 32 18113εΧ1111. 1. cz. 1. ξ. 5. m) p.
Hagyar Tervenytds. 1869—1871. 3⁴2

