124 1870 .· Χ. t. cz. A Mna-folyam szabcilyozciscirdl 35 11113511 kc‘izmun kalo-61.

s) a 11313533ὺό1 3111131133 131111311011 13133311331;

d Ι9) 3 523113110235011 31131 31311 13111311 31333531131 11310113333 1111311311 1313-

3 3131 ;

h) az 13311321 1131331011.(1>(2)

5. ξ. Α 11313533 311 13133311313311 3 4-111 523113521133 1111311111 131333131311
11133 1333231133 3131333333 13523 32 311331 31131 113101131111, 5 313311131 31133-
33318 13113131111 32 3113131131153813135113, 1318 3 11313533 3835211311 3313131·-
1352131111, 1381 3 13333111) 1111311111 131333131311 33131133353 32 311313 1102231313-
13531 111311321131313 13521.

6. ἓ. Α 11313533 31131 31133111313533, 5 32 333311 1311352135313 1333311 1313-
33131311, 3 mennyiben 3 1311352135 31131 18331113 1313111311, 3113132 311331 1311335
11313131311132311313311 3 113321181311315131 31131. Α 3113151311 133335 1382353
31311133 3 11332381131315131 13521 1011311113 3 113135113ῠό1 befolyt 35523831131 15,
3 13133 13113311133 1111311111 3211101113.

7. ξ. 11352131 3 113135331131 1313511311 13113131011 133131135313, 135213138131)
11311111323501113, 3 1331131113 11138 5211115118 1352, 1108)1 Β1133-Ρ351 mint 1313105,
32 015238 18331313311 31381313111355311, 3 113135331131 3521132311 111531311135011 35
523113110235)11(11)3113131313333 13111311 3133351 3131131 1111133 1313105111311231311
alkottatik.‘³ ⁴

85. Ε2311 31311 3313135313 101311333311ε

α) 3 11313533 13813835 13113521353 31311 3 4-111 523113521133 1111311111 101135011
3203 131333111131, 1331131131 3 11313533 311 1313331131 3313133 18331113 3331
13523311, 3 11313533 13113521353 11133 113318 32 31131311101135011 355235 1313-
3313131, 3203 viun- 35 33313131311 5231131, 31311311 13113311102351138 133131-
13313 11138311311111313311; Α

b) 3 1131 131053311 «1132313311311 321313 31311 111311 355135 1131313131 35 1311-
53831131 5 3 131051 113213111311, 11132311 35 131311 52311311023531131, 1113833 1132131-
113111132 3531013333 1313131311 31333531131 1131311333 131333131311. (5) (6)

9. ἓ. Α 11313533355238 1131111132353 111313138 3 13133 1311331 3. ,8-311311 11138-
11313102011 13333311 138131131135313 33213, 133331131111 :

a) 3133321113 111381311353 11331 3 13113111110135 1313113813533311 1111131353
11131133, 32 111313 13153131131 3131133105 3813553831 110231 13113, 3 311315131111111

1231111 meg:

b) 32 111 1113, 111313138 11111311 31111353 5 3 Β333523113110235 35 31231 381113-
1131311 11321311311311 32 0152388111135 313 1313338135 138311 131135213333 11311538-
13135 31311133, 1113111132 3 1311311 15 313113111333311, 3 1132131133351 131315131 131-
118131313 31311 11311333311 13813.

10. §- Α 13133 1311331 3. ,ξ-3 d) 11031131133 1111311111 13113131011 5 3 7. ,S-ban
31131311 1011111111 13333311 13113235313 35 1111113133311 1323135313, 1313111131 3
7. 35 8. ἕξ. 52311111- 3111013333 13131051 1133231311 11313135313 (1173131051 1131-
3111311311 13333531) 32113 31311 1111133 3113333 113138 1·311331131111 1313111113131.(“”’

(1) V. ὃ. 1893. XIV. t. cz. 5. ξ

1211123535 8. βξ.

131 V. ὃ. 10.. ⁸28. ἓξ.

‹4› V. ὃ. 1871:x1.n. 1. cz.ss. §.; —- 1882: nv. 1. 32. 1. ξ.

(5) V. ὃ. 10„ 25. ξε.

16111. ὃ. 111131111311131 35 1331011131 52313 1890: 1. 1. cz. 133. ξ. 1. 11.
17 ’. ὃ. 4. ξ.

 

 

