274 1871 .· X VII. t. cz. Vasuti 63326116116163 Αιιετΐήα 63 Szdszorsqu 11621.

323113111( 3165, 31613 61 (5) 1611311131 33536111) 3613 161161. Ezenkivfil 3 111163
11611626 36131331 11132331 63 61611362631 1116161(61 13 3 113361313366363 1353 611361(
11613611636 31131 316516111636611

Oly 113361( 1(61162636611, 1361361( 16333131131133 nem 161366 tul 1126361 163-
1133 1353 1361361( 16661261161 3613 11113311, 36311111361116 613 nem 331.

9. ἓ. Oly 113361( 1161162631 111263311133331, 11161361( 116116161 11116ῑό1163, 6263
1611633 1131313113 163116 61611 1(61162161161(, 3113636615 61163363611, 3115 3 11336
613 1161111161 11111616116 nem ‹St-kam, 1361311611 111163 11611626 van, hol 3211133 3
1(6116263 3 36163 1611633 3231131331 3261131 632116216366.

Α 1133613133663631131( 32631133 36531133 311316333131131631 1365311311113331
3 7. §ban 1365361611 313231111133 32611111 16131131 3113636615, 1315 1133633 613
1161161111 11111616116 61116211, 1161 111163 11611626 van.

10. ἓ. 16163 16116113 6161116 1631161161( napja 3 161631116163-, 11131- 63 116163-
1(66616311·1531 minister 31131 165 13651131316213131.

E 11311161 1(62616 131313633313 1635611 1(6163116661311 113361( 1(6116263616 16-
33111626 3 36163165 16333116 3231131361( 113131363 1111111 11613621611161(.

11. 5. 161611 16116113 1651611331333131 3 161631116163-, 13131- 63 1(61631(61161631-
11531 minister bizatik meg.

xvn. TORVENJ-czmss

az Ausztria 63 82332013231] 1(6ῑὸ111 1331111 63326116116163 1011111111 ki-
6963211636 1319331133 1162}th ὦζῖᾓῖὲὲἓῧνῐόξ.. 63 X. 6211111611611 1691311

(526316311631 113611 1871. &vi 1333113 30-33. Κ111111161161611 n 1(61111361611321133 1871. (evi 3133113 31-611, 3 16163-
661( 113ι31133 1871. {wi junius 1-611.)

Α2 O 17613656 32 ausu-iai 6333231· 63 Μ35331613235 1613133 63 O 17613656
52332613235 11113133 13651131311113261131 31131 32 Α1131113 63 82332613235 1162611
3131 16333116 1331111 63316116116163 166563211636 6261331161, Ι)162631133 1869 sep-
16131161 29-63 1161611 326126663, —- 3 13633311163 33331( ΙΧ. 63 Χ. 62111116 32
1867. XII. t. 62. 64. §a 31131 1(62633611 331113311611131336166616111161 13162116-
611(, 6263 6211616116 36216 1111613632116 32 32616133 16513111313136316336561 3
1653111 16116 63611 313133 1632616 13 3 1335331 613235536163 31131 3613335331-
1311 - 3 116223 1311626 23136531636331361 6531111 626336132 613235 161163361
1(626 1513113ῑί11.

Α 326126663 63 23136532616331 3261656 1161611162ὄε

ὁ 17613656 32 33311131 6333231, (1363613235 1(11·3133 3111. 63 Μ35331613235
apostoli 1613133 63 ὁ 17613656 82332613235 11113133 3263 61133 31131 1626161161-
1611, 11653 3 1161 3113111 1(621 11131 16333116 1331116332611611616361( 3 32631326663
1131313351131( 1365161616165 13136131131111 11165632111633611611, 653 6 626113 1316
65362365 116163616 3165113131111326113111113 1161621611 ki:

ὁ 63332311 63 apostoli kir. 17613656 11316 werner- 16236161 131633563 1111(63
1333636331, 3 1111611636 3353 116163216361, 32 6136 63213133 1331161633, 63 3
32631 1311331636 16135331, 3 1111. 32332 Α111166111-, 63 3 116162651 32332 Ε13631-
11321636 3353161632163613111., 32 6321131( 11116631131 1311363 1111 1132311311 135- .
331, 6 63. 63 ap. kir. 17613656 1611616111Ιί 11616161 63 316511313111132611 311ῃί316161
’3 32332 1111. 1161311131, 131313131 3 1161111311 3353116162651, 3 31613135631, 311611-
1111151 63 66111115-5611131 116162651 116131611331ς

