1870 : XXXIV. t. cz. A Ferencz-csatorndrdl. 189

(fitvennyolcz) hold 161161, 32 655265 11216152616111161 5 3 65310133 6511611 5261-
3131113131 (fundus 1351136135), 5 131363203 105011 65 16111611 13611611, 136116111161
32132 311313111365131· 111113, 32 311313111365131 1313160310533311 1113505 163131-
1353 31611611 Τ1111· 151133, 013520152351 1111. 31131101335)1 1113311 11216165 11352-
33131 165611 313631111, oly 16116161 111611611, 110511 6356661165 11616165 legyen:

11) 311366361161611 32 31166366 Ρ616362-653101331 3113131133 11113111331;

b) 13313161 86263315 egy 1311- 65 113162351 1153101331 3531111 ;

c) a Duna'mak ugynevezett «Sugovieza» 3531 1131621131613 16331, 65 16521163
1111161616 313131111331 ;

d) 3 Ρ616362-653101331 3 11011351 311361526515 31651105523111111331ς(1) ν65111ε

e) Κ15-52131131331 3 Ρ616362-65310133 6156 131133)’31161 1111363113, 11165210-
1362, Κ616521ι11-Ρ35213-Ρ611311, Το1253, Β651101-521-1ν33, Κ1111113, Ρ611ον362 65
Piros 3611565611 1111611613 31 11111661163 3161 3 Β1133113 651 111 113162351 65 63-
162651 6531011131 6111116131.(2)

2. fi. ΑΖ enqede'lyes 111Ιαὶ 1161161611άό szabcilyzacolc.

Az engede'lyes az 6356661162611 65310133 61111656361 65 1121616361 11616165
31353116163 6356661)’1 0111131 1311313131102, 1011311113 3 16163165 16333116 11316-
2351 65 10113311636611 523113110111102 3113636615 311131133231, 11115 6263 1661516-
365 5231131101( helyeu 3 11023366 11131111 1611631611 65 3 1101-3133)* 31131 111110-
65313366 1636611631611 6161116 116111 16113611, 316116111162, 1131331131 32 32011
1163023131315 3 16333116 5231131101103 3 13351131 1101111331 31131 166366 3113-
663 131102131350111102 15 3111313132110631 65 320113311 133531 161161163111 31316131
131102111.

3. §- ΑΖ (1116111308 65 reszletes tervelc dcvizsqdlcisa 63 1ῑεί ybenhaqydsa.

A 6531013311 116111631111353 32 6356661165 31131 11652116366 5 3 11623133113-
&s 11621611666513113151611111113311 31112553135 651613335135 165611 1611611652163116
311313305 65 165216165 16116261611 31311133 105 65211626116131.

13261163 161111 32 611111162651161 1161636563 3 11013133)1 111133313131, 36311111163-
1163 3 16333116 311313305 611111162651 65 1636611 52311311011 5261131 11611 6113131.

Α 11011333)1 163131113 313533311, 11051 32 61111651 161161163 1311021313501131
161165563, 3 13633γί1163 11163611 3 1311523111 ν12553131 vagy 3 11621532531351
1033113135 6166316316, vagy 32 6111165 13113313 31311 16116511611 651165 11255313-
1011 31031311 32 112161, 1131331131 3 11621015310111 61661161161 52611565656113611 105-
3311 1313113131.

Α2 6111165 1651611311353331 3 316531131111011 16116261611161 3 11013133)Γ 6356-
116116 36111111 5613 5326311106351, 5613 1121611 52631110311161 6116131 3631 5231136.

4. 5. Α teljesitendd munkcilacolc rc‘szlecezdse.

A 3133113131011 111ν11616361 11616111626 1636523113ΙΥΟΙ1 16523611 526111 61611
1311336611 :

a) Α 161165116366 1113311311.

Az engedfflyes 31131 32 61616565 1611611 65 1161156516165611 5261131 165161131-
13366 1113311311 3 1161611162611ε

1. 3 Ρ6161162-65310133 1. 65 11. tarmnyz'lhan lev6 15231101 11152666131, 3161626
16116561161 1365616511631 5 5211115651162 11611651 11611663 313535111131, vagy 3 1101
hizinyzanak: 11131131 61111631, 65 6513113131133 3 1153101331 1161116153211331ς

2. 8313161 86263315 egy 1311- 65 113162351 653101331 3531 ;

g} {⁴} 110υᾷ 1365131102131353 11331 11111611 16116311 1161162 1111313513 az 1894: 111. 1. οι 5. g-a.
. 0. . §-

