1871 : XL VII. t. cz. Keresk. 33 hajdzdsi szerz. az τιν-11911391 ko‘ztdrsasc'zqqal. 445

XX. ΟΖΙΚλ.

Ε313131ῑν3 11613132111 1113331131 3 1113333 3231261ἰό 131311, 11031 32 33111133
113111 1331 11313311311311111 13113313323131132 1311026 32611313111311 3110331333 33
1113201331131333 1161111 3 33131 1611311131111131 111333313213111316 3333111 1110113311
3311113311311, 113 32 111316 131 consula e 323113 1311333331 1332, 33 3 11316 1131-
133123113 3 1333313331 1313110111 1331 113301116 01131331011 31131 1131112011111131111,
11031 3 32611313111311 32 111316 11316 133311133331132 13110211311, 33 11031 3 11316-
161 32011 013233 11111616111311, 1131113111 1331 1123111311 326111311 31, melynek 11316-
33331 31611 11313313111311.

Α 1111 3 3261131311131111311 3 1162103113231111311 131311621313331 33 3 113111 11316-
333 131113131313 313111 1313116213133 1113131 111311, 32 311033133 ρ11130313161 11321113
11111111331111 013233 33131 161131113111311 316111 3113133 103 1161131131111, 3 13131162-
13133 3 111331131336 30113111 113231132 1316 111320133113133 33 32 111316 1131613 1316
νί3323111111133 131110131311311.

111333313233 16113111 1011311113 31111311. 11031 minden kedvezmeny vagy 116111-
1111133, 11131131 3 32611313111311 113213113111333 1161111 3 323126116 131311 3311113
1313111311 11133 311311111311 3113311311 101113 1331 1611611311 3113311113, 3 11133111 3231-
26116 13111311 13 33311 1131 11133 1331311 31113, 1111111113 31113 113111321113111 1331
116111111133 131311 3231261133 31131 11313102011311 1111161131311 101113.

xxl. CZIKK.

Az 1110311311 116213133333 110133131, 13131111111 32 03211311-11133131 111101131οω
110133131, kik 3 11133111 3231261ἰὸ 131 1316131311 131111311, 1132311131. 3230131161131 33
minden 11113111011111131 111316133 3 1101111331 0113111131 31131131111111 33 10111331
113131132011 316103011 11111011311311 111313113111111311, 1113113111131 1313111131] 111111311.
Η1113131132311111 01131161 33111111111311111 1110313131111331, 2311131331 1331 311131111311311-
33301 113111 323111311113111311, 361 131133 13111113111313113231131133301311323111111311,
16113113, 11031 32 01323311311, 11131111311 1311621101111311, 13113331, 311101111311131,
1611311131133 3201133311 113116 11321313111311 13111311. Α2131311111321313111311 33131
3311132311 323113113331 33 1111113ρί 320113331 323111111 111331113331, 1331311 32 31131
11133311 1132311111311, 31131 131111110111011- 33 1131101331111311 -— toviibba'i 111 131111110-
111011 33 11311013311 1313111133311311 33 1311131133311311 3113311311323331, - 13313
161113113311 33131 1310316111 13131111333 3231131161 1316 111333231233311311 3333113113-
23331 111316133; 32 33111133 131111313111 33 111110113111 13116 31131111101331011 1131311-
32011 3231131133301131 33 10301131 3113231111111, 113131132011 01131οῃ111311 13333311-
13111111311, 11131131 3 1330331066 113111323311311 1332331116 113111231311 [10133131
1113111311.

xxn. CZIKK.

Mindegyik 323126116 131 [10133131 3 11133111 131111313111 1113111311 133211311 111111-
den 32311131133 320133131161 1131 3 1131133133 33 113111 1303313323111311 1111111 3
1130123161333 1331 11311113111131, 3211111131 mentek 1113131111311 minden 1131113231-
116133611, 113313231320133113133 1331 1131111111311111 113101131320133131161, 33 331111111
333113 113111 10311311 11311111 32111 31311 11133 1331 111333331111 13111133 31161111311,
32013311313301111311 1331 331311 1311131111311 313131131111, 1111111 3 111311311 1110311331
1611611311 3 1131112311131131131 31111.

Α 323126116 131311 11013313111311 33111 113161, 33111 11133 13131 1161336063311 113111

