1871 .· LIII. t. cz. Urbc‘wi viszonyok rendeze'sercffl. 493·

91. 5. Α 131133811613133311311 1311338131103331111 11133 3131111131 11311131 13131133
&ivo-ot, 1611316113331331 1311111311 13131133 2¹l2⁰l0-ot‚.kezei6si 11611338 i‘eJ6ben¹
113 ⁰l0-ot 1083311 33 013338 [1333131333 33 pedig 131 3111 31613833 133313131111311
1131133131. Ε3311, 313311131 63333333 8010-13 13113116 16113331331011133 33 633333
131133813110333 22 6v niuiva inegsziinik.

Α13131116113- 33 11311131131311311011, 1313111131 3 113331331 11611338311 13 33 01·-
3338 rendes ad6k6zegei 31131, 33 01333803 31161131 3816113333 3311313311 113, 3
33011 minden 13111313111311 33 01333803 3116 131111333313131 11113311 3 3311311 111111--
den t6rv6nyes ei6nyeit 6lvezik.

Azon 113313101131 33031133, 3 13311311 3 131133816113161 3 1313310803 13113381
k6tv6nyek 1113003313331 1113831636 111613 1313311, 3 131133811613133311311 5⁰lo-kai
3331111113, 11631311311111 1113833311 3 1011 161633313311 1311033311 313813111331, 3 111
3 1131113101113 113313 33 3111311 pei-ben 1103011 113131 31311133 138131131133 31131
3331331131 1113833311 3138131311.(”(2)

925. A ν3113381611311 33 131313113111 131331081 31310311333 33 311111331311333
1181333303 31611011 33336313366, 3 mint 33 3 3361611111011 11133 jin-6 13110333011
1311338313 1133113 33 1868: ΧΧΙΧ. 1. ez. 9. 33 10. 33311333311133 333-
bii! 03131011.

Az 11111311 131331081138 11311311133311 131133816113 minden eddig 11311311133311
11613131331 31383163. 011 pedig, 3 1101 teiekk6nyvek ninesenek‚ 3 3138ν311011
1111101101 3 131133816113 33 1311113113, minden 11133 1111313361 313831636138 11131· a·
jelen t6rv6nyn6i fogva 13111311 3 3 11311331331331101 111131311161 108 33 111316
13131113813611631111311311113113131,13111313133111111 33 1661163333 331311 1611331
11111011131103331311) (²)

93. 5. A 131133816113 1113831131111333 111311 3331136338311311 311 minden 11311338-
116131333113311, 113 3 1611333133 kedvezin6ny6vel 3131 neni 111133, 13113381 13110-
33331 11333113331133 3811333113 131133131.

Η3 1311033333311 311 jan-adelmi< 311311 161133313331 1313331333 3 13113381161313·
3311, 33 33311133 3 1611333133 1311-33 13111331331 03311 3111101· 13113311331, 113
1131131316 633333 1311033331 egyszerre ler6ja. Ezen 1386331331 1131333113ῑί
3113111133 3331111133116 13113381 116113313111131 131133113311. A 16113331331 3113136311
33 igy 16113331311 3133311338 3133131133 13333111133116.

Az 6sszes 131133813110333 1311331333 11133 3311311 1313111163133 1611333 33 1868 :
ΧΧΙΧ. 1. ez. 15. 33311333·’13311 31131133333 161133111. ‘¹’

94. ξ. Α303 13113183331361133311, 3 31311311 3 jelen 16113311 1318131131311
3111118313 11313111331311,113 11111631133 3 10831133133338 1611133133 11311311311311111-
11311,131111381”11113 3 3 1 11131813110313 6333353111 33313 3 jelen 1611 331· 31131
31131311311111 3381313311 118133, de 113 3 1011 1011133111· 3 3 131133811613133311 k6zt
11138381· 3333 j6 13113 33 11331,11081 3 11131· 313831133110111131133863333811311 vagy
1131131316 1333311311 1611333133313 113313 33 1113331131133011 01333803 11631· 3111331
18331113 1η381311, 3333 111133338111131 31133133111131111.

ssyen 3331311333 3 3331361133 3113110313133311311 1311 113113 01111311, hogy 131-1
33311111131133 3 3331361133 33311111 11138 1131131316 16113 33 3 131311 1133131011,
33311 6333383 10813 11333331 3303 161131, 3 13311311 3 1011 1611133111· 13113381 1161-
venyekkel 313811131111 111, 3 3111311· 111311 1133031 3 131133811613133311311 3 161·-
13331331 131363110113133 013338 ρι’-1131313113 1131133131 1161313313111311, 381133313-

 

 

(11 V. 6. rm, 28.. 37. ἓξ.
(2) V. 6. 1871:1.n'. t. cz. 10. ξ.

