362 1871 .· XXXIII. t. cz. A kir. 11931633339161.

18. 3. ΑΖ 113333333311311 ,1033 van 3 11633133331311 1131011111 3 3133311131 1131·-
111313· 33311311311 11133131111113111, 3 3 33311161 33 1131011 k6zl6s6t 1113311113133.

ΑΖ uffx 651 65 3 31333316 11116 6gx 11133331 k6zv666n61 311111113311311 3 3 3133-
3316 11116 11613133 minden feljelent· 31 24 613 31311 33 ugx 3333331 k6z6lni.

1¹). 3. Α3 1133633 3 b6nvizsg6lat minden 333113113111111111331131 131131. 113 3
31333316 11116 331 31 113111 103311113ε 3 t6rx6nysz6k 11313103 33 113131033131 3 1111.
11333333331 163111 111011 k6zli.

A 1613311333311 3 1111113 13333131 1313331130 1161116 113131033101 113111 11031131 az
6gy6sz meghallgat6sa 113111111.

l Az 1133 651 3 1613311333311 131130311033331131 65 3333333331131 jelen 113111
31131. (1)(2)

20. 3. Α3 1133333 3 33111011 1111131133133311 1113111 minden m6s 11603133331311
3331311νὲ03 1131 jelen 131131; 111161 3331111311 113131031133161, 3 mennyire lebet-
33333, 1111111113 j6 1101311 3113311311116 65 sel 3311 103031133, 33011 1311311611111113-
11331131 65 13133 31131 1113316101, 11131331113 3 31333313101 1111313333131111 1113311111. ‘¹'

21. 3. Aziigx6szs61j616nt6sek6t 311033111131, 3301111311 33111 1311111131 113111 11311-
3311131 ki, 33111 11133 1111113133331311 03313113131131 113111 telJesithet.

El6nx‘olnoz6sok 1113313131313, ugy 3 111161, 1111111 3 16133113113163331 65 1163-
3331, 1631333331331 33 1163111310113331 1163333131 1113311313311311, kik n16gk6r656—
33113 11116113131633331 16133113 66. 33 67. ,ἓξ-11311 1161111111 1313163333 131113
31311 131333113111 11613133311.(’)
s6gh61 11331 11111111131331 11311111113111.

Ezenselii! 33 1133333311 303111311311ε 3 3113333131 10133111311311 13113331311 1113-
11301131 3 33311113 31131133 31331331 3 161331133331111311 in161k6d6s 333311 131131311-
13111, ·1 313331131011 3113113161 3331031333 111331311111133 313113311 meggx616dni, .5
1001033111) 11603331011 313333131311311 3 16133113333111 31333316 111161103 3316 3113-
13131 11111113· ·1nxozni 3 1613 3113 33311031.

Ᾰ1131311311 33 11333331 3 3313311116333011 11313311613113 336 3·13333Ι31011 131111113-
t666n 13 3 18- 20. §3-ban 311111311 J'ogok 11131111, 33011 111116011333331, 11033 33
1133333 3 131]·3Ι3111333111·61 33 111161 3331111311 113131111333161 03311 101110331111 333-
131111311 3113311311116. (3)

23. 3. Α3011 1111111133 31113 113333, 11131331111311 3 ,1313311116111161 113163333311111,
3 1111. 6gx 3331 311311613331 jog 111311. Ε 03311161 3 3313311116333 11613133 33311
1133·311·’111·’133161 3 1111. 6gx 3331133 13111133 11331 11111111131331 1111111301.

Α 1111.113,33331 333311113111 1111111133011 111111131311116 333131133113 31113 113333,
111313311 111331311161 3331111611 3133311131 313, 3 18—020. ,ἓξ-11311 311111311 ¹iogok 1113-
1111, 3 3033111111 311, 1131111313· 1133111311 33 1131011 65 33 113131 1163133111 331133· bese-
33313 111311 13 1113311111, 33 3133133 116111113113331311111311301113 3 33133111161 113331-
11133131111, 3 3311113133 3331311 3 1613311333311 10133131133311111310113)

(11 V. 6. ἐι). ξ.
1·),ι3··.11.181111].ιιι 18. 1083 6ln.5 .51 13333. 111111 131111. 3 1111. 111. 1565 ···31·1111111(31113,31’“3 331111311) 11331-113111113-
3331 11331 31111311 11133 0111011001 313316 113163 56g 1113311111 3316 163 3331313161
(ΨΥ. 6. az 18863113. 15. 2:3655156215 111111.1·31111οΙ311·1 3 1111. 313311116333011 11313311613113 111311331-
.333311 33 1111133331 111 65 3311 111111 1163313111ίὸ 1·Ι]313313133311311(18811.11311937. Ε 1111113131 1116603113331161 Ι. az

11111113Χλ311. 1. cz. 14. , ξ-31103 1113611 111333133333131131).

