164 1870 ; Χ XX. t. cz. A budapesti lcinczhid meyvdlteisardl.

kbtvcssnyeknek s. 3. julius 1-133 3331131133 31311331311331311331 131102111. Az
32331111 331313 minden 33133 3313233113 13131131331 1113113 31331313111311-
1113031311, 31311 3233 1113131 11321113 32 3111111311 111113311 111311333113313111311
1133131 sogja.

5. A 3111131 3313323311 1870. 311 julius vfigeffig 1313 33113131131133, 3131131
3 13133131 1111133333 13 3131 3332311311, 111311 3 1313313101, 323313111311111 32
3113131113331311.

6. A 31. 11. 11332111513113131311331 3313311132, hogy 3 1313111311 igazgatdsilg
31131 1313313111 33323311 111131311 1131113ἑὲ311 1111313313 3 1313111311 1151311 1133131133
133031301111333 1123113331 s. 1870. 311 01113331 30-1131ς ingyen 333233113333-
3311. 113 3203333 3233 iigyek 31333 13ς3213133333 33, 3233 3331333 3 113111-
338311 3 3233333131 megsziinte 11133 32 311331 1332313 11131331 3113331133
13323311.

7. A 13133131 11113131301131 33 szolgzii 11331 3 31. 1111. 11013133)1 1311313 fleg-
nagyobb figyelemmel 133311, 3 113 111113311 32013313131 3 110131331 11133133
131131 3313 11113333, 320113311 3131133103 111313333331, 3 13311131 1101313111 31-
1311313.

8.JA 1333231313133131 1111131321 magist az 31131311 1111131 333311 s. 1870-1111
julius 1-33 33113131113233113 31311333ἰὲ 31031331 3113110133311 - 31311131 3 31. 11.
110131331 313333311 11111313311131 31131 1311031331 32312311 -- 1331311331.

9. Α 3133131 311331111333131 3313333 3 31. k. pbnziigyministerium 3 131132-
111111313313101 3233 3231231133 13131313 32 33333 3113332011 31131131113 3 jogokra
113213 31131133331311 32313103333 3131 1111133311.

10. Η3 3 *2-111 11031333 313111311 9816 113133 133023111133213111311331 33133-
11311 az azok 33131133313 1870. 311 julius 1-1313 13311311 331313311131 323311-
133113 egy 31 3131133131133 138311 32 3113311113331311 1133213133] 3331313113ῑηί
3313 10113311, 3 2-111 11031333 31333313102011. 13113311111131 11313133 3 magas
1113113131 Ρ331 131033 1333333331 131313313313231, 3131)1 131031 1311333 32 111313
1133231131 3 113313133131 3133 13113131111332131331 311131132133, 32 1331132333
131331113ῑό 13321331333311 3 33111 1313 33323331 felszaporodott 113313131131
3311111 3 13321331 3313111133 13311311 11111233, 113 pedig 32011 3 1111133133 313-
1111331 1113 31311 3331 313131131333311 33, 32 111313 3332311 11313310111131 31111111 3
3133131 131103133103 ,3113113333 31311133311 3313133313 3 13311131· 131101333103
Α11311313133311 1332 1331311331 13311311 3131133113.

Η33031311311 3 1333231313133131 13 131102111 32 eddig 113 3331 1311011 3 3 31311
111613 1033111023, tigy 1133111111311333 3 s. 1870. 311 julius 1-133 3331131133 1332-
1331 3 3133333331 1111113311 32311331311311 1313 3332333331, 1331131131 32 111313
32311331311101103011 3 1313111311 iigyeknek vbglegombolyitf'nsaig 33 3331 3211111311,
Ρ331 13103 13333333311 131313313313231 3 13813, hogy 3201113 33213 3111131
jau-jon 31, 31111331 32 1331333 3 33 33311311011133213313111311131313333 133
313ἕ3113111113.

11. Α 31. k. paessnziigyminister 3 331131133ιί 1333231111313111313311 3233 3231-
2311331 1181131131 333231111ῑὸ3 3311311- 33 13ἕ10331131132331 11131311311 1311131313-
333 131133 313313333331 31210311, 3113311 1011133 32011 3 1333231313131113101
33311111 13321133 3331 fogjilk 13133131.

12. 1113111131 323123ἀὸ 13132311 11311313313313133 313113 113133 1131333311 3113-
13233313 3113311 1111. 1113331311 jogiigyek igazgatdsziga 32311331133 1313261113131133
33 1331133 31133311 11313133311 33 3 polg. 1311. 13311131133 3-11111 32131 111. feje-
2313333 11111111111 13111133 31131333311 3135111131 31313ιί11.

