1871 .· LIII. t. cz. Urbem viszonyok 1611116235316Ζ. 485

1111051135 32 11111311 111110115231131)’0235531 egyidejiileg 5 118131132011 11113538 61311,
116 1111Ιό11 per-ben eszkfizlend6.(¹’

118. §- Α 1101 3 1380511351 6113135 11131 solyamatban van, 32231 6811111 32 61113,
1131135 5 3 168613 611131302356 35 minden 6811311 111110115231131110235, ugy 32 111-
1331011, 0311013611, [0813135011 5111. 1131111 1131335611 5 68)*1116111168 32 3130105335
6110132356 15 65211321611113.

Mas 656161111611 3 volt sdldesur 11316165 3161611 13113111] 113131)·’1131311131 1131613
egy 31· alnum> 3 168613, 32 61113 35 1131135 611111131111356 1131111 pert 11168103113111
5 111613168 11131111 solyamatba 1611111, 1111 11311168 116111131131111311, 3 1311311152311 3
pert 3 1113135213 1011 Γο111651113538 11311538316 68)* 6 623113 111116162611113 801111-
11011 31131 [011311131113 131611.(3)

49.§. A 138051135 minden 11313113 113216 1111Ιὸ11 65211321611113; 35 61111611
10111311 1161668162356 113111111 5611111 56111 1131616211613, 110811 1313111611 113131116Ιί
111110113311 11135 1132538 113131-311311 1083111011 61 111613811351.

Α 138051135 6521132135311611 32011 113111111131111, 11081 32 11111311 1611111165261135
11131 6815261 1368Ιὸ11331, 3131131101 116111 5201831.

50. 5. Λ 10861316 61116111611611113161611 1381* 68162538611 13816113113531 3 11168-
1112011 13113111523111 138 1611651113 111 3 138161131135 1161616213161 32 61131353
611611 31111311 10113013 31311 1161131311 161111611111 352161316161161 111131 6111311135
138611 3 131’ν311)’52311 613 161165211.

Α 13113111152311 11313102313 611611 senhagyatik 3 Γ316111111161 3 1111.11313131113-
hOZ.(⁴) (5)

ἶνις. Α 44., 46. 35 47. §g-ban 311111611 [1616111160 1102011 11316161161, 31131 3
11111011523113110235 1116860861111613538311611 11311135316, 31131 31111311 13816865
111683113111135313 10113111022311311, 1113503101)’3111011351138 3 1111. 113131311131102,
1131111311101)’3111011351138 3 16813111) 11313523111162 161161 101611111111111, 35 1161118 11138
3111101 15, 113 3 111131γί 11313131113 32 6153111135381 11316161 11611116111138113.

11111311 5611111115381 [131135211311 1111165 helye, 35 3 5611111115381 011011 3 1316111)-
1116111611 31131111311 613 35 62261681111111113261111311 613 Γο161111111611 11113538011 31131.

Α 1311311)·52311 31131 1102011. 113161611 35131’1’11138)·011 68162538611 3 111131γί 11313-
, 1311131102 111131311131 1311113 sel 116111 1611652161111311, 35 113 3 1616111111161 3 13113-
11165 11313111Ιό 31311116 116111 31131111, 3 138161131135 1111313111όί 16111161611113 61.(4)(5)(6)

52. g. Birtokszabinyozaisi peu-ekben 3 138113161 611611 3 Γ316111111161611 35 32
1836 : X. 1. ez. 10-11111 §aban 311111611 111183211351 1161656161] 1111111 681311 1161·-
0110513111311 ([161111113511311) 1111165 helye.

Α 11118321135 3 138161131135 1161616235311611 1131113131 52311111311113 egy 31 31311
11316111162611113ς 11353111) 116311011 11316631 111131311131 1155231113511311113.(7)

535. Α 131·ν311)·52311 3 113131 111 111113511351 1311131131 35 11111011113111113132
111613 16161111311111 35 3113501023ῑί 11113131131 101311111 1111313105 6113135 138611
’1111231111 11316165.

Ε1111611 11168131131113161 32 111 13111311 35 1111101111311111 3 1311311152311 11311313-
11311 3112161111.

ἓέἐ {s ἓξ ῑὶἐῑ 3

13) E [1616113611 111131311131 [1168116211353131 v. ὃ. 1873 11111. 7. 3718. 52. 183253810111. rond. (1873. R. T. 9.).

{5⁹33 ὲὶο311ἒ13ἓζ11116116521353131 3 1616011133γί birtokviszouyok szabfflyozhsa karuli 1111313513 v. ὃ. 1873:
234331373511· ι. cz. 1. es 3. gg,

,17) V. ὃ. 15. ξ. 35 187azxx11. 1. cz. 19. ἓ..

