462 1871 .· XLIX. t. cz. Koa-ask. 35 1111132ἀεὶ 52312. α perui kazmrsasdyqal.

Α 52312333 131311 1101331313311 53111 113131, 5331 11135 13131 1131353335311 nem
1131131311 1335,1111111 111131 11313133 31311313 231 313;52111133) 3313 1133)·523111113-
1311 32011 1103)( 113131111131, 32011 13333153331131, 3131111131 vagy 1131351133311111
321111131111131 13131331) 11310331 113113131,11311 31131 3113111-0111131,31131 11311311133111
113231331113113521133),311311 11313113 113 11131 3131333533 megalkudou 11311131-
1351 11131331( 3113.

ΧΧΙΙ. ΟΖΙΚΚ.

Α 313335 52312333 131311 3 11013313111 113211, 113135113331311111311 1133101111 1112-
10511353 ν333111113333)·321311 31111311, 1103)· 113 3 11321111( 1311113113 11313153305
1115203) - 1111131 15133 1331115311 —— 1131331101 5231330531131131 11133- vagy
13111352311311113 33111335 3131111313111311, 3 5231131, 11311011 3 11311011 1133) 32 015233
1131531311311 13113311,1131 113νί vagy egy 3111 id6 333331355311,1103) 1131311131
1333323355311 35 1313111 131311 13132113311355311311; 3203131111 5231133 1331131 103
11311111 1113113131, 1103) 13152351111 52311311 1111131311311 5231111355311311 1131313,
1133)1 5231133011 1313521011 523132 111011 3331335531( 31 32 111313 31131111311113131.

Μ1311320331131 5233335333111133 3113311 3 52312333 131311 33)*1335 111110113111311
35 1313131313 3133131311311311 1101331313311, 1103) 113135113331111111131351113131131
131113523111135 33111111 52311335331111 35 13131303311 131135 3113231311311 1011131335-
5311 3113333313, 11113 1131135311 viselik 1113331131 35 3 1311331311 311311 11313 11313-
11311; 113113111311111 1333 vagy 1113311311 13113111 113313, 1331311311 32011 31131 53131
1111101131111311, 31131 11135 5233131113 vagy 32 31131313 1112113, 231 313 1131131111 1133)7
1335 3113235011- 35 131113111131 1113113131 33111 10311311, mima 31311311 3 1131131-
diek 1313130331102 1311023 11350313 1311311- 35 133353301113 1011313311.

Η3501113 35311133 133333523133111311 k6zti 33355331 1131313135311,113231311011
35 1315111311 13521331311 53111 10311311 53111 231· 313 13113131, 53111 ν1552313113131.

xxm. CZlKK.

Α 1113331323 3211111311 11·1131·02313111311 1113335211353111 31111311 33)·32111 11133 3
1131 1113335 521123ἀὸ 131, 1103) minden, 3 11313235- 133) 113135113331311113 10-
33111023 113313213311),1111·’111533 1133) 3133135533, 3131131 3311111111 1131311131)
11313133111 3113111 11013313111311 m'u· 1333311011 1101113 133) 1311311311 13333333,
11350313 353131111311 35 1131111313111311 11321 3 11135111 131 11013313113 15 1111311352-
1355311 35 1131113 ingyen. 113 32 3333331311) 3 1131113535 311313 13ν313 15 1113113-
nes volt, vagy 1131113 1333131313 11311131135 13311311, 113 32 15 1311313135 volt.

11111. 3211111.

,131311 5231231135 113131)·3 32 3153 3211111 113131023131 111313133 31131133, 3 1311111

321111111311103131131131111313133,311133313511351 01113311)οΚ 111353131353 1131113131 ’

5233111011 112 31131311. Β3 113 33) 311131 32311 1131311113 13101)13 31311 3 5231-
2333 131311 3311113 53111 3111133113113 1111313105 mon 3 5231231135 3313113331
1113352113131353 1111111 5233331131, 32 mind 3 1131 13113 1132113 101311111 3311 31113
13131311 113131) 11311 32011 11311131 5211131113 11131133 3311111111 133) 1335111311 321
13 1110111 0113

