282

20. g. Mindon 1311331333 1313111311 3635331133
11311 131103313.(1)

1871 .· X VIII. t. cz. A kc'izsdqek rendeze'sc‘rdl.

c) 31131333 33 11131- 5 3 3331133 35 3531311313
1163611 3 5301331311 1153031361 33131333311

21. ξ. Α131111313303 3635631133 13110313, 3 1131331133, 31611331 35 533331113311313133 31-

31311333 3111113 15 131103011, 1331 3 31311331 311-
1113 33 3113313361 1133113.

Α31, 11031 01133 1135313, 13311 3111113 331 363-
5331133 53 1111103011 5 1163131133 3 3113111 3116-
111131313311133113 3116131, 3631333331351133 113133-
3303 161133111316533 1331113 5301353311 363-
53331133 1311033311 :² 3 1313160305, 111316133 3
131313030503 3303 13533 1131310333 meg, mely
33111113 1135313 655335 3313335 311313311613333
1313331 33310111) 135331 113311.

113 3313133 3 13131333133 33116331 161111 1313
05301133, 33 3313335 3113313116 1313331 16111131
1133163 5331331113 33113 mellensem 311113331,

1313131133.

24. ξ. Arva· 35 3131333165331 10331 3 133113-
331113333511 13105 331 31133116 31135333 31131
3133010113.

Α3 31135333 311 3 30133131351311161, 3 131051
6313531161, 3 5333113161161, 311353331 331 1331
161111 1113631161 5 3 53313331131 3331 11116 363-
313311161. 1113633 3 3013313135131, 333113110313-
1353 353133 33113 1111353331 111363.

1111133135 11313103311103313113 33 3111611331
3311111 53313331131 bird 3 133 1311131313 53311-
53335.

Α3 3113- 35 3133133133 161333111311113165333

1331 3303 363533, 31311113331135313 131311103053 31561031133 a 161133111316533, 1335061031133 a
13311313111030531 13110331 31133333, 3 1135313- 11311131131315131.

333 3 3635331133 3333501131353113 33133313331

25. ξ. Α3 3113413133 3113135313 5 33 3113-

3313 3331, 33 11331, 11031 33 111 [1115313 3631333- 1133333 3333135313 33313 33 33135 1310503333
331351133 13311 5303153311 3635331133 1111103333, 13333116 3131101131, 33 3113-631 01533305 35 133-
33111316161133111316533103 3 11115313 111131110- 13335 13363335313 1013111113 15 13313113316, de
3053333 35 3 5303153311 36353333333 1113311311- 113 3313 161133111316533 1331 viu-os 3111113 15

3313531111 1131310331.(1)

111. FEJEZET.
A kfizsefyek joqairdl εἰς teenddirdl.

22. ἓ. Α 3635331
εἴ 53131 11311131311133 11313103 35 53311311-
ren eleteket (smtutumokat) 31301;

b) 1131310331311 35 5333311133113131311 53131
1313531011 316113161 35 3633331 31131 1131113
13313ς

c) rendelkezik 3 363533 1331033 161611;

d) 11635331 31161 131 31 35 11311 113;

e) 3031105301113 3 1153133 3635331 11133161 35
331311 36313336351 35336363161ς

33315331ῡ111133 333113 3133113111, 331 5333311133-
(131311311311311; 3161133111316533 31131 31301011
5333311133113131 33031133 16131133135 1333113
belfigyministerhez‚ 3 13105 31131 1103011 53311311
3 1611331113165331103, 35 03331 3 113111313ιί-
3151311133 1311353133ᾶό 131.

26. ξ. 0533 3 161133111316533 161311331353
3133 113113013ιί3 13313 minden 011 1131310331,
31311ε

(ι) a 3635331 3116 3133311331135313, 3113135313·
35 1131131135313,

ὁ) 3635331 133103 311633331135313 1331 5331-
335313, 6 6103 131 13113116 1135303113113133 meg·
3613531313)

c) 3613563131313313,(8)

d) uj bivul 13335331351135313, 1331313333110

s) 113503133 30330530613 3 3635331 1530133- 3133536313135313,

161 35 3135 10303 131333133161;

e) 3 3611533131351133 316 3331 10111316 tet-hes

y) 333311 31113 35 363133661533315 3 5333331- 53313663533 313336135313, 1331 131303135313, 35

υεξιῧῑ3133010113 3113113303 1030331 35 1311115111

13133133331 3633111133 3313135313,

Ι) 1611333331 35 3163333333 133131135313,

3113113303 36131355330331, 3131133 3 3635333331 3131331135313 35 13603135313 1033130313,(4)

1611331 5331131 meginetik.(2›

y) 3331361631133 minden 1131310331, mem-e 3

23. ξ. 33363331113330511 1310503 3 22. g-ban 1611331 13156111) 3133316511351 1331131.

1116501011 1030303 131111 :

α)33331111 3 113111 13331311 5331131 3 piat-zi,
mezei, 113311, 135311, 3311353311 65 363333535331
13336153331 ;

b) 31330101133 33 3113- 35 313131131653301, 3
3635331 31133 35 3036303533 31311 31163 311311-

A 161133111316533 11313103313 31133 15 3311

31311 3 363533 3 11316311313151311133 1011313011-

batilli} 3 161133111316533 3 1131310331 1311311353ῑρ-
53136131613336331311111 3633111135311311, 1331 3
30113331 3 131101133101135 1011133 1311131131-

3303 1131311133, 3131133 3 vendes 11116533 111316- 1353135 3331333353161 53331113366 40 3311 31311.

53331133 3331 1311033311 ;

ἕ ·. ..3 g.
:3 v.3.18715:xx. 1. cz. A. S. a) p.

nem nyilatkozik: 3 363533 11313103313 1131133-

ζ’. ὃ. 18711; V. 1. cz. 17. ς’.; 1886; XXII. 1. cz. 148. ξ.
0

411. a 31111111111133313313113531615ιὸΙό 1881εΧΧΧΙΧ. ι. 01. 27. g-sn.

