1871 .· L. t. cz. Keresk. (⁵8 hajcszcisi szerz. α chilei kdztdrsasdyqal. 467

xl. CZIKK.

Az 03211311-1333331· monarchia 30133131, kik Chile 116213153533 36163163
16333116 1611163361 3261131 63 1313 32011 163331133311, 11311313611111 16161111101101
5261623611 65 11113311, 6263 631111611 13133603011 161113161611611 1133333203 3030-
1131 61362636111, mint hason16 63616111163 (111116 116213133533 30133131, 65 1133311-
3203 161116113611 65 3116113311 16323611 1113361116, 13131 3 1616111110110111131 11116
6111161 3101331011.

xll. CZIKK.

Μ1116633111 52612666 1613611 52363633331133 311336, 1161651166611116 0113113313
3 3135111 161 11111011311133 63 16111161613 52611616 1660353101131, 60353101131, 31603-
511101131 65 60351111 633361161161 1113636231, 13161611 32031133 113 60351111 11521-
11156Ιὸ 31611666561 1363116261, 3203 311331 1101133333161, 3 316131163 3161166111
sog. 520113505 316603 61 11611 10336131313 65 13611666316 1106531131313ς 3 5261-
2666 161611 1313663311163611 63352615111136 32333653331133 311 111203305 116136-
1161, 1361361116 362116 621 363311 13133, 01333011 333333136161311363, 13613611
consul 52616161361 nem 1611613611, 16116116, 11033 6263 1111611632163 311313305533-
1133 minden 015233 60331111 11521315616116 111161366.

Mindegyik magas szerz6d6 161 60351111 11521111561613 3135111 111110113111311 65
161616161363 1133333203 61630301131, 111331133301131 63 136316556361161 61116263-
(1111, 1361361161 011 3 163333301111 1166362631163 1632631116 3631261 113303133311
consuli tisztvisel6i ‹Slveznek‚ vagy 361161163 61116231 1033311.

xm. CZIKK.

A 16603531011, 0033111011, 31603531011 65 60351111 113336116113611 311 1112316133
11321111111611, 36132611111 116165116661131 11336111 3 1161156 1636611633131133163 3
113311333011, 1133611521611 65 3 163633563 11621 1161611162611111136631161311 6336-
116116356361161, 1161636563 3201131, 31613611 3 526126665165 116152612666561116
3033111023311, 11163363111631.

Α 116131 11316333011 116211633313533311 131363111101 1652 helye, 3313333352οΓ 3
113363 1611631 163601163563611 013361311611, 11033 3 6563661 65 1162163661 3
parton vagy 3 111116ιό1163 2311313311, 11333 113 320111133 01523311611611 11333 3
113361636335631162 116111 1311026 63363611 15 16526561( 1101333311.

Η3 62611 163661163563611 3 1363361611 13133603533011 6331116361 56111 11113311,
3 116131 11316533011 3113 1033311 520111110231, 11033 32 111616 60351111 11521111561611-
11611 136311616565111116 5636131 33331533311 3113, 11033 3 3336363133511031113 116-
36332611 minden 633611, 111 32 61131611 1636611635636111163 16521 vett, 6110335-
5611 65 3 1133613 11155231162611653611.

Α 103533 nem 13111131 1105523111) 16613, mint 3203 0152333311, 316131163 32
611033135 1611631, 3111011333303 65 16111633 52611311 16366111626361 63366111.

XIV. CZIKK.

Ε3361611116 11616162111 1333111131 3 313335 52612666161611, 11033 32 6331335
badi vagy kereskedelmi 1633616326161162 1311026 3261163633611 6110331353 65
1115201331131353 1161111 3 33331 161363361111161 13636336216111616 5636131 3311315311
63313353311, 113 32 111616 161 60353133 6 6261131636561161 1652 63 3 11336 3611-

30,

