10

1869.- V. t. cz. A mayyar ‘nyuyoti vasuh-dl.

53111331111163133131133ς 3 31131633313131111311 11011113311 3 13531311311311 31613113531353301103
1111316133 1613113361, 3313113131 113613 1613ς-, 1333113313533 1131310331.

13311 3 13331316331131111 13365131· 53311111 13111311
(113311333311) 1163313061 335311135531133 35 5131-
11113553333.

Az 31133631)’35311 3613135311 3 311111131331133
az 3110313503 5133131333 316311113531101 533353-
ges fe1‹}pitm‹'2ny-anyagokon kivfil ezeknek 11133
egy 5331313331, 1313111131 minden 25 311316
3133 1333131111 egy teljes 1111316 35 11313511-
1333111513111313131 15, 31031101 5163563311 13111-
133331 331311, mim 13113133331’3301 az 31111351
31331161 316311113111.

Az 3110313503 11131133-13331113113 az 33351
[1311330551 11) 533131333331 161111 nem 103 116-
1313113131.

Α 131331333311133 5331153335 311116333311111
1353313301 361313533 az 3113363113533 1311316-
133 3 1131161663 113513131ῃί.

A mennyiben ki 113111 3133116 3131113103 1111311
31311 33113303 5131111353 513353333333 111111616-
1613513636113111311, ez 35311133 33133511 3 113-
51311351 113111 113111 az 3113363113533 35 3 301·-
111331 11611 33135533 11033366 13113, 1113513531 3
3311616161 5131111011 31113303 31311 1316 11311033-.
1311 113111 3335111311 az engedfflyeseket rogJa 131- ἶ
1131111.

c) Epffletek, ρ311·33113135, 13133533.

Az 3111113133 1161161 33531133663, 311313 az
3131331313331, 1330661131 35 3 31531111 11131133-
311111313331, 11131133 3331 361161, 3331 131161 15
316311111131611. 31111633 311031351 11313363ῑρ5 133-
133 3103 5131131103 35 szabvtinyrajzok szerint
316311113366, 11131133 az 3113313611533311 1033-
331113 1311 1-01131331131 1135011 1333331310313
1131113 31333113311131133.

11313331 311 3113131133 3 [13113 31331353 65,
30113101353, 1313311111 3 1311351 3351313133 (ts az*
33351 ’311351 1336513113 113313 15.

(Ι) . 1103135011.

Α 5133351311311311, 530311131113111 35 31611
353113301351 3110133503011 311111, 3315113133 3
1351111311ιί, 1115313111, 1131131, 53111311 35 3611113361
3631133356 3110313503011 1111111, 11133 1333131111,
19, 13511133 3631133356 31103135, 13511133 meg-'2
3116 11311· 1357, 3163111131166.

Az engedklyezett 113113 0161611, 813335-
1·“311311ῑ31011 35 81031113111311’311 az 3113111-,1113-Ι
16133 3 6311 13531131 36165 [1311336131131 11113116. ·

Α 510311131113111 31103135 3 1011131351 5101331111Ι
3131131333 1333131316 1133101111 1131336313533-
1131, 3315113133 3 101331311353116163 3113111351
11161131131131 3113111366.

Vajjon 35 111111· 1331133333 5133533311311133ξ
31311, 35 3 1113513 1131 353113303351 3110133503
uj 33113313503, az 3533 33301· 113131013366 eid
11116611 3 1331331111311 1131 135311 13153131131311
31111311 13131313503 113 1031133 1313313131, 3 1161- 1
11311356 3110313503 051131101353, 1313111131 az!
31131311 1133101111 3631133356 31103135031133 3Ε
51635331311133 3133131316 33133633353 113111, a,

 

 

 

A kisczelli 1113333351 31101335 az 31316 116-
1611533 513353331333 3133131316133 3111333513
11313363331166.

Az engedelyezen [1311311 -- ide nem 513-
3111113 3 11310111 35363303351 31103135 161311οω351
331336333531 -· 11133 1333131111 1131111311011135
1351, 13511111 3311, 13511111 1131 163313633313131
1111313366. Az 3110313503 1131631133 3 11133131
11113111 3113311353311311 szabvimyrajmi szerint
3111133663, 313313333113111311, hogy 3 1133101111
3110313503 1133101111 11055131 15 3113363133163.
Az 3110313503 3131311311 0131131133 3311336611,
hogy 310331 51113533 5131131 11133 1311355311
11055331111113111.

e) Uzleteszkbzfik.

A 53311131)’51,311116 1033103331 1135133131166
gdzmozdonyoknak 11310111 1311331111131, 11131333
361111 33116 1131135011 1333311, 35 6 1113111616 53-
11115533 menen 6000 1113353 1113110 11031316 33-
335533331 11311 11113103.

A 13113151311116 1033103331 1135133131166 361-
mozdonyoknak 1131031 33335011 1333311113135
3 1113111616 531135ερ3 31311311 15,ΟΟΟ 1113153
brutio vomam 33335533331 ken birniok, mind—
331 3313113Ιί33ηό1 3 1031316-331135533 1333133135
1131133 31131133. 11113633 331311 311311 3511161 3
1101111331 szabvzinyrnjzai szerint 1135131131166,
111316133 316311113366.

D A 31333313103 1111365333.

Α 1111 3 131135113366 31333313103 35 3 5331111-
1113111011 3113653331 3113131133 111311, 3133111131-
1133 az engedklyesek 31131 11331366311331166
az, hogy az 31133631131311 1131131133 316311113-
531107, 35 1315331313531133 5361153335 minden
[3333313103 35 5331111313111011133313111115 311311
35 0111 3313113113111131 1111133311, 3 3133311131
31011 11350316 31333313103 35 szzinitmzinyok 1111-
1133, 111311311 az 3113111 3611533311 1033331113 vett
νο1131331131 131135111311311, 111316133 51311111311311.

A mi 1011311113 3 131135113366 133333131011
133331653331 111311, 3 13511133 3613135311 az 311-
3363133533 az 3113133 3353113366 1011313331 35
3110111350331 0111116603 31631111331, 3115131131
133313131131133 1111363103 1333133333, 11131333
331· 313153316311 35 3316353305311 1133311 111131-
11313113331113111313311.

0113331 3113113, hogy az engedae'elyesek az
31111351 31311 13111313 1311031133 3113631011 mun-
331310331 15 133133311331, 111316133 3333301131
5131111331, 31311311 1331311111 1131310131331101111311
316 nem 501011311311 ugyan, 63 3 1113111311 3 113113
1633111135 35 3313133335 3163111135313 35 13151313-
135313, 1313111131 311313313131313, 133111 311311
3311153331 35 13313131 3313363135313 5111353-
3311313311. ⁷

Az 3113363113533 3613111533 33)*513151111116 az
3313613151313135 3301531111 131113533313511311 313
131311 1351311131, ugyszinte'n az egyeb 13151313-
1351 1336533031101 35 11351131331133 15, az 31111351

