216

1870 .· XLII. t. cz. A kdztdwdnyhatdsciqok rendezdserffl.

ΑΙ313611311 3 11313521133311 maga 1131352113, 5 egyfitt vagy szakosztialyokra
05201113 13333511021133, 3 110223 313511011 1313131113 332113 111111111331102 35131135-

13101 1352.

Α 133011 5233131, 5 3 113135213131111

13363131131 3113111113 133311) (2)

¹453. A 31111351 32 313611 11111113 11133 35
23113 3.

Α 1333351102351 32 313611 1132311, 3 13311 133-
1311353 [31311 32 313611 6111611111, 5 3 11316351 3
5231323513 32 313611 11121 111.

82313235 31611 3 11311135 313331133113531102
5261111 3 1330113311 10331133 311.

Α 52313231011 3 5261611 5231131 1131313311
52313113, (13 112 133 1113331313 32 313611 3 11311-
52311311 5211132351 3113363131 11613135.

46. ξ. Α 1162316Ιρ533 3 13133131611 11313-
1023311.

Egy 0120115331133 5331 vehet 13521 011 13-
33351102350111133, 3 melyekben 116213113311131-
113113113 1133.

Α 33113316533 52313313 3111616311311 hely 1316-
133116 111.

A 331111331113 1111626111313)’3111131 65523 33111
111336 633116 1361113311, 1331)1 24 613131 3161111 3
1162311113533, vagy 1131113 32 31361533331113 nem
13133131311, 5 331523151311111 3 13311261 3113131331
vagy 1335 3111311335 1131133 1162523131313 13
3331 13131311, 3 1162311113533 1313)·3131 nem
52311311.

Μ3511111631133 32 3311331131, 131311 16111331
1101131111 1162611, 13333 3 1611311111316533 52311311-
133113131131 3113111113 1333.

47. ξ. Az 31151133133126, 115211 1131352, 31-
13523111 313611 35 11111611, 5201331316, 1611332-
1313011, 16011105, 1613313611, 131311313011, 1162-
311131, 5233111316 5 3 1331132311 13333511 13105011
301331133513131, 16113111113165331 103331 131111113-
2011 ν31050111133 1131113 3 11013313135131, 133126,
1331161-1131111331, 133335301105, 115211 1131352,
31113523111 313611 35 11111611, 113321313011, 16011105,
1613313611, 1162313111, 5231313116 35 1313113111011 3

1162316Ιρ533 11165531 35 523113231131 11113311, 113-

1131 nem 1101333311 15 133131 3 11120115333311.

48. ἓ. A 1611111 11521115316 35 3113131133 3 1152-
1313111311 11521111531611 3 11623111135311311 1111526131·
11313311, 5 113 1311111313311, 13152613131 11613135311
15; 113 523113231131 35311 3203 35311133 11113311,
113 11120115331 1330113311 13331313521311311, 1133)· 3
13316111) 31161 11231611 5013113 3511311.

49. ξ. 113 115211 11313531 31133631353, 1133)·
1313111311111 11521115316 1111313113521353 10103
5261133, 3 5211113235 1111105, 1113113311 13611131 3 161·-
1·331’11316533 573113111331131311313113111113 1113313)

<MK 6.(11ξ

 

5231ν323131 3 1611133111316533 52311311*-

50. ξ. A 111 3 133305110235 13311653331 1331
3 31111135 331135 1331311 53116 111131323553131, 5
321 1631611 1115523 3331 venja: 52311531135111313-
531 313 1103311131111, 5 3 3111135 31131, 3 [3131163235-
1112313531131, 100 10113113 1311311113ῑό 5 11621332-
ganisi 11103 1131131111316 1111511313 11631311311131111.
13313313111311 3 1111313ῑό 1611331311 511113 313
356 11331331131113 113213 3 1135611111 1333101135
1033.

51. ξ. A 116131111351 133)’26116111111311 11113135
1335013131 3 113163111113151311132 3 13131351135161
30 11311 31311, 331351331261163131311 1131113 331111
11331 1335111, 1311115131· 11113331313 1631611 [31131-
13521336611.

lv, FEJEZET.

A fdispdnro'l e's a ῖῗνέῗημὴαεόεάῃὶ 111123-
93 ’ν .

52. ξ. Α 113113331311 35 1611«·3311113165331103-
331 13113332011 1111105011 31311 3 3133131, 111316133
1131051 16151133, 3 523131152311311 31311 3 1611111311·-
11116, 3 11316131311 35 1116311311 3133 3 1611331133),
3 52311351 11316131 31311 3 1131111311 3161 311, 1111131
3 11313311131315131 3161311352135313, 1111113131 1131-
1161 32 6161165 1615113301113, 3 kin-{ily 331132 111 ‹²2-
13021111 31.

varmegye 1615113313 331111316133 3 11133113 13-
11113133 131326 5 1611331113165331 103331 131111113-
20111131050111131161511331 1152131 3313 1153111311.
- Egy 35 3311333203 16151133 1120111133 161111
1131053311 [6151131113 15 13113114)

58. ξ. A 16151133 (1611113116116 5111.) 3 13313-
113116 113131013 11311νί531613; 31131 ssyen 311336121
3 16113311113165331 6311011333123101 35 6111611111
3 161133111316533 31131 116213111311 3113131 1162-
133233135 31631131 131311, 3 1331161. ·

α) 3 11133131,523111,111113111, 1131111311 13111135
162316135311 31611, 32 311511331161,16133)261161,
115211 3313521161 5 32 31133116 1131352113311)1 3131-
3611311161 3131111011 523130311316 (5303113115) 516-
1131 1311,

b) megvizsgailja szemklyesen 1333131111 eg> 5231
3133111111 3 33165331 11521111531611 1111313105 311313-
531, 5 133313111311, 3 1133115201· 1611311 13113, 32 31-
1511331102 vagy 110133113351311132 3111112311 kor-
133311336313131131 5 1335 1133111133)’01131 :

 

 

--——

12135. 1111131131Γ61113110113.111.1·15523311110113 32 1311311121 1. 32. 1 ξ· -.3
131 Ε ξ· -t 11131· kun-{abban 1131311011 1111111 11311·1·211·;18Ἰ6;111.1.32.(1.ξ.)
(4) E ς·- -1 11131 1013111133 11161105 11011·1; 1874: xxxix. 1. cz„ 11131101 1111131103 1111111 11311· 32311 32 181111;Χ.Χ’1.

1.3296.ξ-3.

