1871 .· X VIII. t. cz. A kc‘izsciqek rendezdsfflffl.

45. ἓ. Α3, 3 ki 161111 13135316-1131313111311 113-
1353131011 11133 113111153163311, 3303 1131313131
10313 1133νί53131. 11131131 13333 13161 111; helye
pedig 3 5011333333 11613111336 1161133 31131 1111-
131111 113.

46. ξ. 113 011311 131353131111 1333, 3 ki az 3116
31311133 11131· 13313 3 11331115316135131313311, 35
11313531011 1335331 1313653331 1333131113, 11311313
3 5011333333 11613111336 13316111) 31161 113316 1311.

47. ἓ. Α 1131353135 1131)]31ε

1115 35 33311 116353331111311 3 5301331316, 133113-
3311 1333353 131050111133 33 31153311 1331 ki.

A 3313133301 35311 3 1331111111 31161 11331611
3311331331133311 6553331111353, 111316133 11113331-
1353 (35. ξ.) 5 116333131313 31311 131131 11113331.

48. ἓ. Α 1131353135, 3 5331133611 33133311 11111-
13305 16113313353 31311311, 53313331133011 31131
1611311111.

113 3 533133311311 16111) nevel 1311313133, 31131
3 1133)1 3130115331 13301 3 11113533, 111316133 3
11635331 13135316-113111131 1313531331 1030511113
van, 33 316111011 11311311 33111 1111313311 53313113.

113 33011 11113111, 11111 ily 3161103 3 53313331011
1331115331) 5331113131 1311333311 13331313531113, —-
16111133 33113316 5331333101 31311311, 3 1611111,
110311 111 1331311 3 1133νὶ53161 3 1131353135 31311113
31131 1111133011 5015 116111.

49. ξ. Α 16133335 1313531351 13131 11313531351
31311111

1115 35 3331* 11635333111133 3 5301331111ός

1331133311 1333353 13105011333 33 31151133, -
333113311 3113331103131353 35313333 3 161113111-
11316533 31131 3 113313 11111316611 helyettesek:

3 1131313133113311 1313531351 3 113311531613513-
131331-33)1 1131116113 311311313531351 313611 1133311.

Α 1313531611, 3 1313531115 133331113531101 33
3131111 133113 4 1113311111 1311131 1311113311 111 1333311
1111331.

113 3 ι103331 31111 11313 3113111311, 3 111331131 131-
1131131 az 3131111 331331 111.(1) (2)

50. ξ. Α 1131353135 egy-egy 1111353313, 5 3 1101
13135316-11313131311 1333311, 3315331 113135316-
1131313113 333113 33153311 3311331 10113111) 3331
13111131. 1731050111133 1133663111 1333311 8 6131101
5 1333611111 3511 6 drukun 11635333111133 3 5301-
gabin-6 31131 1111333336 35 1333131111 8 11331131
3161111 5333311533111133 11131163133116 11161133 13531
1133113131 35 1333611111 113.

E 1131311363 131 5331333101 3110331131 nem
lebet.

A 1131353135οΚ 33135 1163533 1313111333γί
11313131313 33313 3 11311 31311 3313133333611.

51. ἓ. Α 5331·3331011 655335333111353 31111113-
30533 1611311111, 5 31161 Jegyzokfinyv vezet·

113 33 65533533311135 1313353311353131111, 3
1331361163111 35 3 53313331133011 3 53313331533-

111 11. ὃ. 111. ς ·
12111. 3. 1874: xum. ι. 02. 109. 3.
1311. ὃ. 13, 111. gg.

285

11351533111331113 3311113311, 3131131 3 1313531351
313611 35 1333131111 ⁶2 1113311111 131113 1333353131.

A 533113335 3131131311131 3 1313531351 3131111 3
hely 5311133 3303331 hibin-deti, 5 31131353161 3
1133νί53161351111313311 11133135 1313311151 1353.

Α 13331313531011 1133111531611 3311133133113 pe-
dig 3303331 11633313131111.(3)

112. ξ. Α 1313531351 3113111513 1033111036 pa-
3353011, 13311 3 1333131353101111311115316 11313531-
113165333 31133 1311 3531313131311ε 3 131353135161
5331311011 10 11311 31311 33 1333016-1131353111133)·-
1101 nyujtatnak 113.

53. ἓ. Α31333016-113135313131111 3 1133115316-
13513131 31131 3 1313531351 313331636133, 3 11311111-
11531611 1163111 1313531011 ⁶2, 1115 35 1133)· 116353-
33111133 3 5301331316, 1331133311 1333353 11310-
50111133 1131113 33 31153311 31131 3 113311531611 1111-
331 11133133311 1131 1331161 35 3313333311 1161133-
1161 311.

1111111113 1115 35 1133)1 11635333111133 3 530133-
bird, 1331133311 1333353 131050111133 33 31153311,
111316133 3161133111316533 31131 3 13313 11111111-
11611 11311311353111.

Α 13135313133110111111613 35 31633613 3 133336.

1113531 33111330531114)

54. ξ. Az 1333016-1313531133311 33131033131
3 11333351135161 5 3311 31311 3 161133111316533-
1103 13131111331131611, 13311· 3 11135 113133531111311
133311331’3533 11631.(ῡ)

55. ξ. 113 3 1131353135 3 116353331111311, 111316-
133 3 131353161131111313111133 13133333111131313313-
teu: 3 5301331316, 111316133 31151133, —- 131113131
33111111 33 1333016-113135311113111* 10113111311133 1316
3113135313, - 33 uj 11311115316-1351313131 65533-
1111113, 331 313113113311 1111313311, 35 113 3113111305
3531311135 1161311133111, 333311 11311131 1111331.

116. ξ. A 1313531351 3131111611 35 3 1113311111 131-
11311 3 16111333 1111111365 01131133 3131131133311.

A 5333131135 1113105533 13111313131133 3311311-
3303 13311533113111011 31113131331131611, 31311311 33
01533305 11331153161313531350111131 3111311333131-
3311, 5 az 31116131311 1315113311 3 13135316-1611333
5333133131 5331131 3331311313311.

V. FEJEZET.
Α Α ke’pviseld testalet yytilelseirdl.

57. ξ. A 1163313135 1331135 31311113 1115 35
3331· 11635333111133 3 11116, -- 1331133311 13333511
1131050111313 3 [1013313135131.

113 3 1331135 31111111 311311311031313311, 331011 3
1131131135 11116, 3131113 1131131135 3013311335131,
5 1101 1111311311 3133533311, 3 1331365331) 13333511311
31361161.

58. ξ. A 1163313135311 5331331 35 11131313 1163-

14) V. ὃ. 141. ξ.
(5) V. 11. 18761v1. t. cz. 5115. b) p.

