1871 .· XXX V. t. cz. Keresk. 3331-31511153 Εὴίηάυαὶ. 38Υ

1333)31 monarchia 3131113161 33031133 k6v61k626 13113131311 31311333111111311311
331 33)111 3111331 3)111 1111111ῑὸ1131 3 3133111113.

A 33311116 k61616s 1131310301133 133313131313 13311333 ὃ3333331,1331)31 313331-
111331 3333331103111, 1313311111 3 1111111ῑὸ1 13,11131)113 viszi.

’131103111 1011311113 1131 (2) 1133133111 k6p6s 3333131)1, 13131 1133331 31111331 vagy
6 v6mf616gy616 31131 3133331163311 1313311 3133 111310311311013)311331 33 11331,.
1103) 33 31131131331 33331131) 1113131333161 33311111011 1131 (6) 1163311 31311 33.
131131331 1111111ῐὸ 13313331161311311 1133333313 33 311313 1111103331011 133301ν33)1,
1331)3311 3 111333111333313 1111311111 kik6t6b6n 16v6 v6mszed6n6k 1133331 31311
111311011 3303 311331311-33)31’31 11311 3113113 133313,1103) 3 13311333 133631131331
1131)313 3331133)33 meg is 311133311. Η3 33 3133311116 3333 31133131133)1 616-
n6m 13313113, 33 313331111011 13311333331 6gy6nl6 p6nzb6nt6t6ssel 103 33113131.
A r6zp6nz 3133 13111 ugy6n 3331 1133133116, 3303 11316 33031133, 3131) 33333-
1133 vagy r6szb6n 11) 13311333331 van 13111·,3 k6t616s 3 1033311333311 13331133-
133313 3133 3303 33311133 13, 113 13113133)31 33131131 33311 3333 313 113113333.

3. Rizs. 11133133 minden m6s 1131131111 1133) 1113333 3311033-333131,11311101’
1311331131311,1-33) 11311103333 110331011101113,111031113333 kik6t6be 3331111331.

Az 03311311-3113131 monarchia 1131331131161 azonbang 3333 1313133)3113133
33)111 3111331 3)111 1111111ῑὸ1161 3 3133111113 33)333303 1133333331 13113131311 13311311
333111111311311,11131)311 3 1331133313 33313 311311111311311 3133113 116131333111333-
3311 3303 1111111ῑὸ1133, 1101 3 11316 31331311011333 1111133111, 6 v61nj6gyz6kb6n
133331131111011 1311101131 13331133131.

11133 33 gabonan6m66k⁶ 3133 113111311 1331 3331113131 ugy6n 11313 103, 3303
11316 33031133,11131)3311 r6k0m6ny6 3333333 1133) 13331133 1133- 1133) 3311033-
n6m66kb6l 311, 3103331133331131 3133 3111101· 13 111331133131 131103111, 113 3133Δ
131103133) 3 113163 neni l6tezn6k.

4.Sal6trom, k6n 33 3 1811331131» n6v 31311 1331313133 1101333) 3331 113111
333113331313311 13111313ς13311 33 03311311-3133)31 111101131013 11313311311513311 333311
101)133 111131111 3311113311 113110331313, 11113133, 113 3 3111331 11013133) 11113331313
vagy 01) 3111331 313111-316113311 33331313 1103313311 113,11111 v6s6rl6sukr6 3331131)
333113110303111311 ΙΙ) 1313)311 113-3113133313 33331131) sem sog 3113131131311-
3111113, 1313 3 13111111113131 meg 3331 gy6z6d6tt 31161,1103) 3 1316 3 3331133333 ⁷
selhatalmazv6nyt 111113. Α3 03311311-1333)31 monarchia 31311131613311 3331.
33311311 101311113 3333 331111131131 3 Υ333133-Κ1333 101)63 1311313 3331111331, 133)

3133 31131 3 3111331 133331113ηο3 13νὸ nyilt kik6t6kb6 113110331,113303161131133 f .

11103 3311111 3111331311 33313313 11133131 3301131 33 013333 11313313113.

Az 3111111311 3311111311 33311 6 kik6t6kb6n 3111131611 31 33 minden m6s hely 33
3111331 131311103 gy 33331 131113133111111.

Μ131133 13333311333 33111 133331131111011 131131313113311, 3131)311 313113 313-4
1103), 13311333, 33110333311111311, 3111311013, k6n 6s 3 1811331131» n6v 31311
1331313133 1101333)331113131 1316 1131331131133 3133 van 6ng66v6 — 6 k6rd6ses.
3311111311 311101133331-31 103 113313113131.

vi. uA‘rAnozAT.
A hajdk altat α ΙεὶΙςόίόὸε erkeztakkor kfflvetendd eljcircis.

Μ131133 1311331133 31113131333 133311313331131101133 11111331 3111133, 1103) 3
24 6131 1111133311, 3131) 31311 minden 113111133) 3 13133 3331361133 XVI-dik czik--

