144 1870 .· X VIII. t. cz. Az cillami szcimvmfiszdkrdl.

egyiiu, 3 3113151010131111 31131 113131101113133111 33 0153333111105 010 1011053-
tend6.(¹)

23. 5. Α 331533313035531 03110013103 11053111 01 113 3113311 5333301053οΚ 33
311331133103 3101·1030151·05310105 1010310501 33 3113311133131135, 3113311331011
05 3113313005533011ῦ110301050 1103111 3 1303016303 110301051 0111011 53013011
533111111011 1333531313131101. E 10103105 3 3113151011 133305 053101· 010101 1115010-
tehen, 3 1111315101013ὃ11 31131, 5313103 33 01533331111105 010 1011053103(Ιό(2)

24. 5. Α3 3113311 53331101053011 131103111 1013310131, 11031 33 3113111 533111-
111011 5301331313 1031111οη 1311355011, 5 3111133 3 1011016 03153οῶ5305οΚ 0531111-
z6llesS6n6k Ε 030113 10331133 311 az 311· «1311 533111101 0530113011 3 110131331 1131·-
111011 113105333 31011011 3111110110 5331111Ηο1ὂ5031 05313111,1’131·5313103 minden
3113311101131311 53131, 1153111501ὅί 31131, 33 11Ιοιό 1111315101· 0110511050 31011011
11313ιί1101· 3103113533113131, 5 03 111011 3 110301051 vend 1031311353101, 1313111131
33 0113135 03015301115030101, 5 33 1155305 5331111·110’·1 530133131 0553333330 11111-
k6d6s6r6l 3133311311 3131105 31033163611051 53010331. Α 113533131. 0103310310. 3
1333531311 11111311, 111331011 011131335313 13103011 13135131011 1115010101103,11ὃ3-
1031Ιό 131311333115301· 33 111010 311315101101,5 113 0 11031053οΙ1 1111· 331 010111110310
30111103110, 3 31131510111333050531; 3 3101131111οη [101113 3 3113151011 1311305-
3311 03 11331 1103011, 5 33 31131111 533111101653011 0130110101 1111311111 11313103313-
1133 03 11010 30111 3111353111, 0303 110111131031 3 2³1. 05 23. 55. 5301131 33
015333313105 010 1011053103(Ιό 10103105303 1011003110. (3)

25. 5. ᾹΙ13131133 11010105 33 31131111 533111101053011 3113303303111113131133
0153333111105 113113011111 1133311311 1313331313 1331· 1113333311 311333311,1331Γ
11111001150303011 111031135331353 313 10110531οῃ1.

26. 5. ΑΖ 31131111 5331111·01·ὄ53011 1001310305 1131103003οΚ 5 33 31131113110553-
3011 0110361305010 103· «1111030 1301310305 110301051 szabz'alyoknak 111301303353131,
0303 16rv‘6nJ 31311133 33 3113311 5333301053οΚ 0130110 11133111111103,3 1113011
1313513131111113151011133305 1010310310 1115010101)οη Ο 1015030 101 1113313511
313 1011053101111. (4)

275. ,1331131111533131010530111311110110501101111103110311050101[0313103111101111
1101 01 31311, 3 1313151011 1311305, 1110111103 3 3111115101·οΙηὸ11 111133 1011111113135-
13101 10110531 33 0153133111115 010, 53131 11311103010503011, 33 311331 6ssz6s
533111111011 1030530103011 05 113 311311131105533 011030130503011 5331131103353101. (5)

28. 5. Az 31131111 53331101653011 1110331311111353 11133, 3303331 3103110301
1311110110501.

2115. E 1011031 11313113 3 111331· 31· 11010113 minden 0153333113 1111011011.

30. 5. E 10110111·103101131135313111 31111151010111011 1113111111 11103.

(DV. 6. 18811;1111’.11.1·ι 93-ὲὸ. 55.

(21Υ. 6. ’.ξ’ S ·;188111.Χ1’1. 1 ez. 27 5.

[ΞΜ 6. 18811ε1Χ11. 1. cz. 7. S ,2.114 17- ist„ S ..1.

141 Ez 113111οῑοΙ05 511133011οἰ1 az 1881111111. 1. cz 311311110113 meg.
(5) E 11111031 a Γο11111103011 18811;1.Χ1’1.1.03

