480 1871 .· LIII. t. cz. Urbem viszonyok rendezcisdrdl.

[3331311011 1312331 1381 13831131331 33320313131333 3138131316 31331332 3 1011
13133331333 31333333.“)

24. Q. A 3133311333 3 23. Q-ban 31131311 3133 vagy 31331332 3 3323383311
1011 3111313333 3333 38)7 13323333 1011 13231313803 3332331313333 3 13331 31-
3313333 3 1312331 3 113203132018311313303 31311311 1011 13133331331133 38) 3133
3133131133 81330101133; 3233 313311131313-1113 32 313331 323333203 3113131311311
33 03 3 3333 31.

25. §- A 301 3 1011 1031138103 1848. 311 133331 1-18 3131233131133133
31132313333 101133, 3 3311311 323313313 3203 3133331, 13311333 3 1312331
131-13313333 8133010333, 381 3203 33320313131333 3138131313 1332 133233 13-
333113333.

Mind 3 101110333810331 3233 3133311011 31331332333, 31133 3 1011101333-
3131313333131333 13133 131133 13131303108, 33 1313338113 13131 3 32331313
3133311011 31331332333, 32 313313333231131103 31381311333 31311311, minden
31331 33320313131 111311.

Ε233 13333133233 32 38133 1011 1011338103 1381 32 38332 33233833 323-
31313 3131 31113311011 3133313 33213 13 3231131131 3201831.

269. Η3 3 3131 3313132311 313332333110233331 3 1011 313313333333 131011
3133333 3 1011 131333313338 1332313 1381 3 1011 13Ιά3331333 1331331331 3133-
1133 3 1011 3111313333 32313313 38133 31331 32018311313303 3 111313138 3332011-
1313133 1311311311 1333, 3233 3 13133 131133)1 89—95. Q—ai 3231131 3138131133333.

27. §- A volt jobbzigyok 32331313 1333333333 3133131 31333113383 33 helye,
33 32 11331 3813233333 3331 13333 13113, 31131 113131 31131 33131021333 meg.

A 311333803 3 13813 1131313333 13133333331311 3 1011 10333810331 32 1836;
Vl. 1. 02. 4. Q. 3113333333 13113313333 111313 1312331 33 3133301131331 333203-
1313133333,131331131 32 1836. · vll. 1. 32. 8. Q. 31131313333 3 101113133331333
1313 11320332018311313303333 31133831 33 313331133831 31310130231;101311113
323331133 31313833 13383311831333 3133 31383113113331ε 131103 minden egyes
13133 3133 31331138 13333γί 3133131· 13131 3138 301332331 3231131, 3 33111
11320310313, 1311333333 32 3133 131ηό338313 3 131313331133338313 1313 13313-
131131 32 3111311 1312331 3332031313133333, 3131133333 81330331313 33318 3
1011 3111313333 108031113 101133, 33 3 1331133 3233131 3133131· 1333311333 31131
1332333 1333233333.

Nyoloz 1011313311 2331131 32331313 32 3133331 38)1 38332 13133 31331313
111313338 333113333 13,(2)

28. §- A 13113 1113131331 13383113ρ113333313203 32311311 13113333 32313 31311,
308)1 32 31331 131-133133 11320332018311313303 333231311333 31311311 32 31331131
13333231131 381 38132 1313313 331 3013331 csek6lyebb 3 nyolcz 3013331
33810111) 131, 3013131 1200 n6gysz6g 31101 323311113,11331 32333133113; 33 3333
011, 3013 3311113203103302 3311331 3233 3131133 1331131132 333181 131-1311)33
33320313131 nem keu-iil ki: 1333131131313311 nagyobb 131313131313831131111331,
33 3 29-13511131313131 3313311 33311133 3331 11233331 301303 stimi, 3013131
1200 [J 31131 323311113.

Α211131313111 331 3013331 3333311333 3131131113 3333 011 32311111313311313,
3013 1011 10311381 311311848. 133331 1-18 31132311 33320313131 oly csek6ly
1011, 3081 33333 101113133313 331 3013311 3133131 sem 3113313113.

(11 v. ὅ. 31. ς.
12) 1. ὃ. 29„ 72. ςξ.

