1871 .· XLIX. t. cz. Keresk. es haJ'6zcisi szerz. α μοναὶ 1135τὰ1·535(1991ιί. 459

111113ῑό1333, 13133113 35 1131331113, 111313311113 32 11135311 33111231311 113(Ιί- 35
3135131133όί11311335331313311 3353· 33331133 1353311 3333353331ηῄ 5231131133 113-
13111313311, 311 1131531131 1313313311, 1311321131111313311 35 333113531131 1311313311,
3311321133 32331133 32 111313 315235 1313333313311 35 13333131313311 1331333311
31333133.

NH. CZlKK.

Mindenben, mi 3 1133311 1111131135313, 323113311 3 111113131111311, 1333111133,
3313111133 35 1131533333ιό 1131331133 1313 11135- 35 13131131135313, 32 311111 35
3331311 13111313235313 35 1112135535313, 1131331131 3113131133 3 1333133351 35 133-
(1352311 52311313· 31113 333311132111, 111313 3113311 3 1133311, 32311 135333 5353 35 13113-
1113333 31313133 1311313311, 3 313535 5231261ὶό 131311 111131135311133311 3131531111
3531335 113-1311311133 35 ne'rffleteiben 353333233 111331153531131, 52311311311331131
35 33531131 1353311 31313231, 3131331131 3 331323111311311 313323311, 35 5313311 3531-
1133 11135 31353· 111353531111 3113235311- 3353 131113111131 1113113131 3331 1353311,
13131 3131331131 3 333123111311311 33133135 112313311 3353 333 31133 1123131 1353311,
1311333,11353 1113531131 3 33132311 11111311311- 35 1311113131111311113131311331333
113131 13133333113311 35 1331131313113311 3133111111.

ΧΙΙΙ. (ΣΖΙΚΚ.

Α 1113535 52312333 131311 35311135 1313131313 35 11111311311133 3 1131351133313111
31131313131633353131131, 33353131131, 3133353131131 35 33351115351 1153331131131
331323313311 111. Μ131311 32331133 113· 115213153Ιό 1311113113531 1335113231 3233
315235 1131133333 13523131, 3131313 313511313111132353 5231, 523113535 11131133
erre 3353113131 11311 3331313ς3 szerz6d6 selek 3331135311133311 35352315131311
52333353531133 311 biionyos 1131331131,1113133Ι11·3 33233 321 333311 13133 3133-
3311 53311331 3313131 3135,13313311 333531 5231111313 31 3331 1311313311 1311333,
11353 3233 11123135 3113133355351133 minden 32 111313 3152351133 miik6d6sre
1133531311 113533 1311323133 consuli tisztvisel6re 1111313311.

Μί311353111 523123ἀὸ 131 1333353131, 33353131, 3133353131 35 3335315351 1153·-
3311313 1335111 11111311311133 35 13111131311133 3113113233 523333311331131,1111311-
53531131 35 313313553531131 1353311 313 3231 111313 31131 3 1353353 31111 1131133235-
1133 1352351113 3331231 3353313353 1153331131 313323311 3353 J'6v6ben 3133231
1353311.

xlv, cmxx.

113 32 353111 523123ἀό 131 113111- 3353 1131351131131311 1133333 3 11135111 3131133111
3333131351523313333, 32 ily haj6 vagx· 333311 311131135231,131523131353 35 3
113223 1311323 13153311, 331331131 3 3333131351131 3135111331311333311 35 31311,
33531 113 313135111311311 — 32 3111111 11313131 31332 3 131331133353113311 hiven
vissza 135 523153113113131, 113 32311 31131· 523313133533, 31131· 1335111233311 31131
115523113313131111 3231131; 35 113 3 13133113335311 1353 32311 1153331131 11331 33133-
333311 1335 32 111313 1131333, 32 3111111311 33ν311 35 31311 3353· 32 3111111 11313131

332, 1313111131 3 113333 131311 1313333333111 11331333311 3 32311131, ,3 3133331-
fleu 321 32 315235 1111333331 335311111, 32311 cs, 35 1111. 33351113311 Ρ3131133,
111313135 3233 perui 3335313311 32 35211311-11135331· 31333133131133 1353311
1113113131, 1113311 1131313131133 3 1133313135 1311331. Α233 333531311, 1313333335311
3353 3533311311 13331311351 11311535, 33133ιί31 31331351 dij 13331133 35311 3113311

