204

331311ῡ163333 33 311013350313 3133111133131111.)
Α 1333311333 3303333, 131113131131-3131613, 3
ministerium 3331533133311113133111 3 16111131313-
131 1331 13051 113113333111 1353113 kisajzititani,!

1870: XLI. t. cz. A maqyar ό]53α11-11911901111α5111νόῑ.

31333313103011 133113111131 11311 311313; 33331111111
11133 33 31111351 31311 13111313 3 113113 1105533333
11311331311161113311131 13331333 500 363133131311
11311351333311533 13131 1311313111161335 113113-

33 33331131135 3113 3131133105 35 1111163 meg-f 333116 31.

1331313333 1131113335 menen kateieztetik. [
Miheiyt 3 1013310111 3331113 361311311311, 11031

Α 31113111113331311, 3 1333311333 3 113113 313-

3355333 331 31333333111, 3011033311611, 1331

3 115313 1613331313 3 331311131311 16113 33113335ξ 1161331131 3313113311611, 5 131 3335333 11633133361

6553333 8⁰s0-0s 1131331313311 133313131, 13133111.
1013333 az 311331131135 minden 3 3331313131ον

3111133ᾱό11 316.
Α 3133311333 1131113 3 113113 3 13313 113116

51135 31311133 33 3113313113131311011 31613331131,133335533331 3331 31133, 33 3531333 3 11111053-

35 33011 1131331311 161135313113, 11ὂ13135 3 1101-
111331 11113331313 minden 1131131331135 33111111
331 1335111 1333311 1131313131. Α 1013310111 3613-
1131113131 minden 11135 3531333 15 111133131331111ι
3 3135011111 133331 31631111353, 3531111031 ez.
3531333 3 135313135 331310313331011 33 3113111-Ι
110113331 31131 33 333311311353111131 3313131161331
13533311 133331133113311611. 1

5. ξ. Α 1333113131011 111111313331 33 3333113-
iyes anai a 1111131113ιό &mannos rendszabziiyokl
13533311 1161313311611ε Ι

 

a) Alepitmeny. =

A 3131113131 3133111311351 1153031 33 315311-

1011011 5 3 331331 11633110531011011 1633133361,
3 13156 5331113331 1131113 135361 316311113311611.

b) F elepitme’ny.

A 1101113103ιί 131 jelen 131131131 311330133311
1331311353 53331303113361 5331153335 1333113131011
1311351135313 33 3333331135 35 333311 ,1033163131
minden 11311311135 33111111 11613135311.

A 1313111113331 35 minden 3111311353313311
31631111353, 111316133 5331111353 11131111, 1313131313
513313113311 33 31101335011331 3113333335313 33313
3303 5333311011 35 53311133113]3011 111113133111111,
31311311 33 311313 1161153333 1113333133 1311 1033-
131113 33313 1333311311111311311. Ε 1311131311133

111131-3333135 33 31531131131-11031310311 10331- 1113636533 131331111131111, 110313 513311 31631-
5331135303 133133 1131, 13131 1 εΞΟΟ, 3 buain-J 31333 35 1115333 533313315331133111 1313133111,
1133115331 103315331135303 133133 1131, mint* 1. 1. eg) 33351 1331105533533333 :20¹s2 13131031

1 :62¹s2.

A 1103131οῐ31 131· 35 0113311311 1113331333 3561
10331135331133 3 110113331 113113331133135313Γ
331 3 533361133333 3116 (Ι : 150) 3133111311351
1153031 15 311131313311316, 3 1333311333 33 31131
3133113133111 3331 3111311311 1111331131333311 meg.

A 1133131011350113311 3 31111 1131133, 35 1131113
33 315311111131-33331 35 33 31531111]131-110133-
romi 103315331135303 500 melei-nei, 3 3333-

113335331 103315331135303 2711 1113131331 11153331

1313113316131 nem 5333311 31131011.

A 1333311333 3303333 33 3153131131-33331
-35 33 3153131131-110133101111 103315331135301103 3
31131313113131111316 3111313133353131 3133113133111
3331 1311311311 53111153331131333311, 33 3531333 3
1333 13333313103011 1313131316 3 310311011 533-
1135303 - 131311330331131 35111133 3 1101311131

ι 53111131 311611 133133311.

A 131111311 1613113361 113531133ᾶό11 35 533111-
13311611.

Α3 33331131135 11613135 3 31111 113113 35 33
31101335011 51331313311 316311113531103 5313153335
1313111131331-3313301103 1111111 3331111311 meg 331
5333313331, 1313111131 minden ⁹25 1111316 ulain
13331333 331 131135 1111316 35 11313531133331·
53311133313115, 33 330111103 531111533311 131111311-
1131 3311111, 13131 1311313113313301 33 31111351
31311361 31631111331.

Α3 31101335011 13311311-1333313113 33 33353
3311330553 10 5333313113331 1633 33111 103
1161313113131.

Α 1313311313311133 5331153335 mindennemsi
1353313301 35 13131111133311 31311 113531333313-
1131 11613135 33 33331131135 1311316133 3 3311611163

-331333133353131 - 3311331331 300 13313113 3353313331.

,1353311113316

1 Α 1333311333 111 3331 3133116 3133131011 1111311

A 113113 5333311533111 (3013131) 113135315331- 3333 33133011 5331111353 5311115331131133 1111116111-

13313113 33313 3 331333501133135161135311331,
,3 131333101103 35 33011 111131ῑ 3303 5333311011 35
533313311313011 1161313311611, 31311311 33 311313-
1161153333 1033331311 1311 10331311331 31333113-
.11111311311 5 33133313533, 31311311 5331131 3 113113

11010335331355333 011, 1101 3 513311 3 13111133 13- ¹

kfisznek, 4 31313113 3313103131011.

Ezen 5333133113130111131 1333331336133 11311 3
116133533131 31631111331, 5 333311 3303 1116333,
11111163 3 1131131331311351 1161153331111311 33 1131311
533133113533 131131313 113311611111, 3 131111311 33-
1611353131, 3 1131353153311331-533111331011333

1613531163611313311, 33 35311133 33113531 3 33·-
53313351 11311 11331 33 3333331135 35 3 110131331
111131 33133533 30333116 13113, 3111513531 3 11111-
16111161 5331111011 33133011 35 31311 113531113331311
11133 1316 3330331311 13111 33353333 33 3333113-
11351 10313 13133131.

3) Eptiletek, pdlyaelztirciS, jelze'sek.

Az 3113131311 1161161 113531133ᾱό11, 1111313 ’33
313131113131131, 131101161131 35 3 11153113 menek-
3111113131131, 31311311 31131 1161161, 31131 1336115

