214 1870 .· XLII. t. cz. A hdztc'fwcinyhatdsdyoh νεηάοιέεριΰὶ.

115303111011 313313 53311111 3 3311113113 13311 Α3 33135 1313531333111131 1313531611 1111Ιὸ11-
31331ῡ13113 esik.‹1› 11111611 betiirendben 3 3633111135 31131 1113111ᾱὸ11

“·7. ξ. 13135316 35 131353111316 a 16113111- 13135311113111 3111113 115533 az 01533305 33111153-
1·311)’11316533 1313113303 133053, 3 31 015333- 163 131353135313 1030531133 1110156 1131133133·
31111351 33311531613135313513 103051113 vau. kebfflst)

 

28. §- A 1113011533 1313531315 313 356 133131 3 31333131 6 3113 131353131333.

A 1333156 313310313131 11133131353101133 363111 33 3156 11310111 dv 1313113131
minden egyes 131353163311113113 35 allier-[iletre 113313 11111611-311163 3533631611
5015113335 111133 3 131353101133 1313 31131).

,161613 1131113 minden 11310111 ἐν 1313113131 3303 13111133 ki, 3 kik 3 53311311-
533111 6 &vet 11131 3116116333.

A 5015333351 3 363311113533 33 311163 35336311.

A 1111311311 13303 11113 1313531113163.(3)

29. ξ. Α3, 3 31 31135311 1116363333 1335331 A 1313531611 3 1311153135 111333111353301 3
3333553331, 13335311313 13313 13331 3 1113011533- 311111611 melle 4 bizalmi 13111111 13161333 ki 1113-
1133, helye 1131113, 13131111111331116116311311 3111111111 3113 3113111.

35 1336536111 13303 1131131 15, minden 3113311131 113 3 103331 31111 nem 33311133, 3 1113311111 131-

161131333 113 3303 33111131 1331 3133111131 31131, 3 1131131 3 33111611 331331 ki.

111er 31131 11133131353131133. Α 131353135331 33 3111311311 3113533 11113135
30. g. A 1113011533 1311153135 313 356 133131- 1331361, 1111316133 3 1111165331 3633333 111131311161

333 111331313531353 3533 3 13316111) 31101 1133163, 131311 1311111 5 3 53313363 33030553331313111313131

113113313333333 6553331111353, 111316133 3113331- 3613135311.

1353 (Ἡ. ξ.) 11133 16113333113. 35. ξ. Α 1313531115 33)· 5 1131333303 33111131-
Α 131353135 11311131 3 3633111135 11131 31. 1133, 111316133 31331313111311 egy 11311331 10131111
Α3 31151133, 1111116133 [1013311335131 33 1333011 nem 13111131.

13303 33150131 1313303115 133311 3633313331, 5 1133361113 1333311 8 11131101 35 1193361113 esti

3315331511111111 3 1111353135 3311131 33116 11161133 6 6131101.

31111111311113613135. A 11313111163 1111 5331333101 3110331131 nem
31. ξ. 113 0111311 13135313113 11133, 3 31 mint 53311311.

33113133161111 31161 113316, 11131 13313 3 1113011- Α 13135313503 16113111113165331 103331 131·

5331133 35 3 13135313513110331113,113113 3 501- 1111133011 1310503333 3, 11135 161131111131653-

13311113 1161313336 1331111111 31161 113316 31131, 3031133 8 nup 31311 1313111333γί 3311113113 35

[1610113113. ι 31331313113 113313, 11313133331163.

32. ξ. Α3, 3 ki 161111 11311311 131353131011 1113331 36. ξ. A 5331333103 655335331311353 311113-
3303 3311113131 10313 3331153131, 11131131 3 [6-1 1105311 16113313.

1511331103 (1631131111116 5111.) 131333111111131303313· 113 33 65533533311135 1313353331113113, 1331

53311111 3331153131 311311. 331 3311161 a 13351313 1313113 31, 3 13313636311
Α1611111331111313111611313531. 35 3 113311011 53313331131103 3 5331333153311351
33. ξ. Α 1313531115 3 53313363 33133311 35, 5333133133 33131333, 11131131 3 3111ᾱό11 ket

1331131131133 1111113110513113313353 menen 533-1111331131 1311111 5 3 36353333 31611316113113353·

1113113533 1111311011 53313331131103 31131 16113313. 13111311.

 

Ha 3 53313331131) 161111 33131 1311313133, 1111111Ι A 1311153135 3131111133131 3 33111611 33011331
3 11331 3130115331 13301 3 33111131 1313531331 jo—! 311111113ιί, 5 a 53313331131103 5 13313636311 be-
3051113 van, 33 316111011 113133 53313113 nem 1311131353 13311311, 311313531613161133111316533-
13131333. 333 1313111351 1353.

113 16111133 33131116 5331333101 3131133, 3] 37. g. A 1313531351 3113135111 1011313036 113-
16Ιὸ11, 11031 11131113 1331311 3130115331 133, 3 vai-l naszok‚ vagy 13331313531011 133 1313531331351
13531351 31363 31131 3111113011 5015 116111. “ 3311355333 311311 1311 353131313133 a 131353135161

34. ἓ. A 1313531351, 3 113111 viszonyokhoz! 5333111011 15 nup 31311 1131333016 13135311113111·
11311351 331, 1331161111 331111311133, 3 3633111135 3 ἲ 1103 (9.2. ξ.) 11111113111163 113.

333113 133313135310113111116113, 111131 3111113 133311. ¹

1111. ὃ, 1876: XXXIII. t. cz„ Π. ξ.
121 V. ὃ. ¹⁸76: XX. 1. cz. 5. ξ. .
ἐξὶςῖιιέὃὶιηζειέἶὲιῑ 23Ξ1ἔ1113, in. 115533311110113 33 1892: xxv1. 1. cz. 1. ξ-3. - V. ὃ. 1881: LXIII. 1. cz.

