19. czikk: Kise'rb’ ozimiratok.

A kocsipostai kfildemiznyekhez 8 18888116
1886588681γ 5881181 81111 vagy 8811 1115816
881181181011(58811116-18ν81811) 1881181181886611. 13888
815816 1181011 8111101· sem esnek 1111168 6118885
818, 118 51111011 0111101 88 831 18101,111816183
16 grammat meghaladja is.

90. czikk: Postai elo'leyek.

A kocsipostai kfildeme'myekre 85 18118181118,
118 6 85. 85 apostoli kirfilyi 1815838 1181 811881-
181618188 86818811 181, 75 111, 118 118613 8 1818685
8118188888 1611881, 200 118811 8181813 1813866
816183 8681881111. A szzillitmzinyokat 18111816 11611-
583811 85 1118685011 1868888185818 88310111) 658-
58836 8161838811 15 van helye.

A postai elfileg-fiszletnek 111118818581·88 81-
1111166 85811 811801 1161818188ῑί, 118 8 188681181851
hely 805188118181816118188185 811188811, 1815881181
8 8811118811 181 8 116168818811 1818110118.

Α [105181 8161113381 18111811 kiildemtinyek 8
110851805181 6118811 11888811 8181181118.

Ε888181111 88 8161838885811 8 18186851 hely
805181388381858 81181 8183118181088866 11181811
58868118. Ezen 1118181181 8808 805181818881 181118
8183, 11181)1 88 81618381 8618.

Α 18186851 18111181 [105181388381658388811181-
58858161 16311, 1103)Γ 8 80518-816183811 856 8011011
85 1118181181 88 81118166 81181 81618 1118311881-
18558.

118 88 8161113381 18111811 1161681888)Γ 8 188681-
181851 11811118 1611881 1118381118885816158811111011
«14 8811 81811 8881 1181181111 111, 8888 1181111166 81-
18118181 8808881 8 18186851 11813 [1051881181818- .
1108 1655881111168866.

Ugyanez 811 8808 8161811381 18111811 1111168188-
uyekre 88818 15, 8 81811811 «poste restante»
1833885581 8681888 181.

 

 

21. czt‘kk: Α kocsipostai keildeme'nyek
kdzbesitc‘se azywess ciltal.

Α808·1108511)05181 kiildemtssnyek, melyeknek
8818160111811818 88 81116166 8808 11118858381
18318818 181, 8115881181 8 8886851185 express
81181 103888105111855811, 188381118885611 11188
8808881 8 80518138838185011 81181 831818116183
5888810588 8183118181088866 116168 [8118181811
81811, 116168 1111166888 81181 ,181181886611 8 881111-

8811 181 1118881188.

άεηῑόηῃεῆόνί.

Az 811161668811 8 [105181818881 8 8051111 815881- Ι
11185 1183811 58811811588111 186608 18186011 mesi-2

80518-1111168111881811811 81185885 18311 111835816-

185 85818688 kin-ponam 11881, 11118188 8808Ι

 

 

1869 .· XI. t. cz. Postaszerzddds Svcijczczal.

816183381 1811181118118181181, 81811811 8118118111118-
81185 88111111 86811811 181. ²

Az ily kfildemenyeknel 8 118586811885 588111-
185 vagy 1188685118510111188 1181811188811 1181011811
85811 8111101 6881181111 1181861185, 118 8 181311
8581183188 8 118586811885 5811111185 1831ν 1188118-
51185 1111811 10181011 81, 18311 88613 81181181 83858-
ben vagy 18581188 1183183 81185818118. E 18811811
88081188 8 116188 vagy 1185811 81118181 18111818188
nem 1181111111.

Α 1181866851 116181888115838811 81885 helye,
118 88 81185885 vagy 111835816185, 118317 88613
8 1185181181811 5811111185 85 118868511851

α) 88 811111166 8881835838, vagy

b) 8 habor-u, vagy

c) 811181111181188 818181 6818581811, 1831· 118613
1883118811 8 1111318811 181818588111111865838 81181
1688181811 816, vagy

11) 8 58818666 181811 805181816181818 1111111 856
588111161818881881 1611881, 1101 88 816811811 110518-
138838185 8 118118111851 1161818881158381588186-
6851183 5 1118305118 81 8818 1181111118, 1111868881181,
118 8 1818685 8 58818666 8118111011 80518181618188
1181111 1611881, 5 88 81116166, 13881811 uz idegen
58811116-11118881 811811 811188185118818118118, 88111
8808 805181388381115, 1118111 8 1181613585 1111168-
818811 8 116116168811 1168181188111111580138118118,
58386118881 8111111181 tartozik.

118 8 postium 18186011 18131811 1888858181858
85 850188301858 8 11886851185 811181188181 1111156-
188 81885 8183581118. 5 83115881581186 888811
511118 88881, 8181)· 8 18186851101 18838118811181011,
831886881118181181111, 8 8051818188818 118118118-
10111 1118818811 5881810181 nem 11618185.

A 1161688188)1 1111038518188 8110386858 1611818-
1881 881, 1103)ρ 8 188885818185 85 850111830185
8 1188118511ιῖ5 81881818181 581181188, 5 8 51111Γ
88881, 81811 8 18186851101· 808518181181011, eg) 886
volt.

A [105181818881 81181 1883181118866 1181658181
8183118181088588811 18186881101· 8 8111118811011,
811811 18181111 8188111. 811868881181. 118 1116183
bebizonyul9 hogy 8 811118811011 81188 818131
181661 81181181 188311818618, 85811 88 81611111 18111-
181111 11183.

118 8 8501883 811888. 118111 8)*1118811181011, az
81185885 1831· 58111185 8581811811 csak 8 18161188
1611881 1181 1811118111( mog, 1131· 88081188, 11031
8 1111168111881· 831-83)Ἰν 1011118811 1883181118866
1181658181 88 831 101181 3111 1118188811, 1111316183
8 311881101 5 7618111181 58181111 85811188 meg
88111 88186118118. Α808 8501883011 sulya, molyek
831· 10111881 11811858111181 8101118811, eg> 83858
1081888 18181111, 1818111181 88 83)· 1011108 1811111

⁶22. czikk: Szavatolds a kocsiposta-lcril-! 5⁰¹5 911181κὲ57. sssnlssssk ὃῑῐῖὓῑῑῑῑθῑῑῑῑ·

11185, 81181 a 18818111) 18838818108011 11811811-
18581181 8 1105181818881 8881 11881, 11ίί1686588
[18613 8 1111681888)ῐ 8118588511 1831 8183581111858
81181 1168118118 01108011 1181, 183)1 8158818581011
8181881881 11183181118588811 81885 118118.

Α8 8111111661 111816183 8 118118111851 11618188811-

