152

bizonyos 1333131311 31311 131·311131·133331111331133
11331 11133 1133133313313111133 13333361, 33133311·
ben 1333333331 11311 minden 3331316133 1131131·
110361, 111 331333303 131131313331 33033313, 011-
1131133, 11031 3331331133 316313311 3313131 333113
hely 33 33333311.

1870 .· XXVII. t. cz. A valkciny-penjcimosi vasut kiepitciserdl.

13311311 3 133131·03311311 33 1111116131 1633331133
313133111131611, 33 31131310333 133133331611.

Α3 3136333331116111331311 13133330331131 33311
33 3311331 16113 1313 6333333 3131313 13333311 ki-
303331331611.

Α 13133333, 1331113 33 3333331133311 3113333

Mindezen 1133133111331311 331313333 1111311133 1033133 361313331133331 313331133311, 3131133333·

(13133110) 3131113333 3331 1313313311.

15. ξ. Az 3131131 3331333311 3 1131161363 113-
3110111333111111111313333333 3331313 1033 van 3
1101313313311 33011 1313133131 3 31333333 13113·
111313 3 maxima! 3133111133 131313 133331111331.

16. ξ. Α 1131033333111133 133331111011 31333113·
3011 3331131333116313336, 33 113313 33113331 3
11331131· ministerium, 1113313331 33 03311311 311313·
1133113113· 43133333 1333331633331 1163611 (1860
3333313331 10.) 1333361611 3313313331 31311133,
1113113311 3331131131 3333 3333331101131331 111-
33333116 133331 1131133111.

A 1331311111 1131131131 3 1131033333111133 11331
131131611 11331 131133013336, 3 33 311331 1333313
1133113ῑό111) 3313313331311 33 3333331133311113·
11313 is 311133133311 13333311.

Α111311113331136111333 3333 331310331011 3 11333-
11311, 1131331131 33 3113131 33 113163331 1163313103-
3331 6133313, 1133111 3 1331333331113 13.

Α3 3333331133311 3 111316133 103316313111 11613-
133111 1113331131 13331, 3031 3 11331 133311 03313·

11311 13111331, 1331133333 11311113333313331 33 33
013333 31331131 33331 31611 131133313113 13133333-
331 331313116133 333116313336 11133333113331 3
110113331 1333331111 133131113.

1331133336 1333 33 313333333110111133 33 13,
3031 3 13133131 11613133 3 1333311133όεί 31131101·
1133 13116 3113311 31113131301101131 33 1113301333,
331 133333 333331333311 mint 3031333331 31·
1133131131, 3 3133311333 33011 3 3333333311 1131133-
333331 11113311 3 3 131311113336 3301331311 tend
11311311313311 13331313133111311, 3 3301331311 3110133·
3011 331611333331 1111316133 3313131333 113331.

21. ξ. Α 1101133311, 33 311313313311311 1113361333
13111313131161 1030311113 van 13333333 331 3 33113
31111333, 1131313131 33 113131 33313331333 33 331131·
333 3331163611 131333131333 33 1011110303 1611311133
1311333 11331 minden 13331133 11133316363331
33313331, 33 3133333131, 11031 3 1331313036 1113-
31011 36101133333311.

Α 1101313313311 1033 1133,3 133331611113313611
116333 31131 33 113) 1111311 33 3311313333313313133·

11011 3331113333 313 1033111036313 3 3313331111. 113333111133 31133611331.

3311 31131111, 1313111131 3 1133311133111 33 3136

Α 1101133313311 33 1111313303 1611331311 11313·

31331111331111313313101111311161611331333133133311033131 3 1111Ιό36333 3 13133 333333301113331

30333131313311.

31131313333 1331311011 1613133131311 1033 313·

Α 33103333311113301113 1033111036 331310331011 3011313131 331 33 3311113333 13313, 1131313131 33
33 113313313331311 13333161 3113316133 31) 331 3333331133311 vona! 13331133 1331 33333333

311 33133311 3 330133131333 31336 3031333331313.

133336 3133313333 3133 33 31131313 33333336

17. ξ. Az 31131311331111331611,3113131303011 33 1161133, 0311 33 1113333011 133313111333 13131133 az

33013311, kik 3 13331311 1333331333 33 1131313 13-
1311 6111636 3316333011 13333133331161 11331 33
3113111 313311313311 3333 33333311361 10116 1333-
61333 133311,1331 1613331ςί 3331011361 3 vas-
313133333311311, 33 3 3316333 31333133331 133·
3011311, 1111 13313313331 331311 133133 333111·
13113611.

18. ξ,01133 13131133, kik 3 11333131 3 vitel-
113311311311131 31613333 1113331333 3311131 1033-
31333133133 3333331333, 1331 3 333111131331
331333311 11331 331133311 1131113133 33131331333-
vel 11331 11133 316303 3 13113131 313316113113331
3331033311, 331031330113133311331 1113113331 1333
3133133316.

19. ξ. Α3 3333331133311 1030311113 13113311 3
13133 333333110111333113 cs. k1r. 33311. 311331·
1133113113-1313333313 3113113331 11131 3 1101111331
3313331333331131 1333333331 3 13113311303 13133-
ka! is venui, kik vefiik 103011· 33 1161313331133-
33111133 331331633 133333313311.

3333331133 ek 3111316133 103316313111 33 3113111·
111333131131313 31303103 evi 31313111 63333331
113313311.

Ezen 3111 3131331633333 13311311333313 1101·
31331 3311110333 meg. Az 33131 1333311133331311
33313336 311 3131331633333311 3 13333111011 10·
33113 333113 33 1131311 333313333113 1311333161.
3313311331 33 31111331 161131 13133311.

22. ἓ. Α 13133133 3333331133311 13333113161
30 3133 31 (3 113113 3133313333 33313161 333·
11111113) 3313 113133311, sem 1611333331, sem 11133.
1133611333 33311 11311311 33133 1133033336 336
1133113131 3313 sog.

11133333331311111011311113, 11031 33 3136 11133333
133311331311 33 3136333331 3611331311 -· 133·
311113 33 1331313333 13313331 13-1131133- 33
11131311313313333 3333333311 ki.

Ugyannzon 3133133333 3 313313111011 1111313133
3111111331 3113113 13 1333333113.

A 16333331333, 1131331131 3311113333 33 33

20. g. Joguk 1133 3313331331133 33 333333· 113131 3136 33133333333 3331131161 [1131313336
1133311333 133313311313333301 3131111331, 3 3 minden 333136333, 113331·33,1·1·33111311113Ι,1’ 1333

3361133333 11333 3333313333 3331131161 33113 11331 01111111 - 13331113 3 111. ξ.

31131313333 3331133

316133131613 33616 (33 portent) 133313313331, 11131111311363111111333310133331113 - 1131133- 33
1331 3136333331 116113313Ι131 1103331331 ki, 1113133313111331333.

