1871 .· XL VII. t. cz. Keresk. 33 113Ῑό3άεί szerz. az umquayi k6ztdt·sa3699al. 443

erre enged6lyt 11311 3131313ς 3 33313333 131311 3113333111133311 3315331511ιίηά
33333353331133 311 111303105 1131131131, 3131131113 333113 331 133311 13113, 01133011
3133331 1313131 meg, 13311311 3033111 53311331131 3313 1311313311, 1311313, 11031
3333 11133133 3113133055331133 minden 33 111313 0153331133 313Κό113513 110353-
1011 113503 1011033111 30331111 1153111331313 1111311311.

Mindegyik szerz6d6 131 1330353131, 3011311131, 31303311131 33 3033313331 1131-
331131 3 3135111 11111011311133 33 131111313111311 3113113303 33311311313131131, 111131153-
301131 33 133313533331131 1031311 3113331, 1331131131 3 133333101111 11331333311311
1353351113 33111331 113303133311 1131331131 311333311 1331 13131133 31133111
10311311.

xlv, CZIKK.

Ha 33 331111 53313333 131 113111 1331 113135113331131 1131313 3 11135111 33111313
33131313315333131133, 33 ily 11313 1331 333311 311131135331,1313331·31333 35 3
1103331311033 13131311, 1313111131 3 3313131331131 11113331311 131311 33 311111,1331
113 313133111311311, 33 3111111 11310111 11333 3 13131303030113311 111133 113533 103
330133113113131, 113 33311 31131· 533133113533, 31131· 13331113011311 31131 11333311313-
131111 3301131; 35 113 3 1313130303011 1331 33311 1131331131 nem 13133333311 11133
33 111313 1131133. · 33 3111111311 131311 33 311111 1331 33 3111111 11310111 1133311313-
1111313 11313131351 5333133311 113133 131311 mindennemii 11013331011 3 33311131,
3 111333111133 331 33 013333 1111133131 33333111, 3303 33. 35 kir. 3033313311
11133331333,111313133 1111133311 3033313311 33 03311311-1333131· 1303313111311311
1033311 111333131,1113311 13131313333 3 1131313133 1311331.

Α303 3033111, 1313130303 1331 11313311 1331311331 11311533 131313111131331331
dij 13131133 33311 333111 103 1133131, 3 13333111 111 1131313135 3331311311 33133311
1131311311 11311 1313 11331111.

1313333135 313 3 11113331311131311 35 311111 33311 3111101· 1033311 10113131, 113
103135313513 111313311 113 33 013333113, 3111101· minden 33131113 33313 13 33111313
013333 1313131133131 33 1333533331131 13133 311131133335113.

XV. CZIKK.

Η3 33 331111 3113111 1313111311 1131313 1331331131311311 31133311331 10313 11331-
13133 3 11133111 1111131311133 1331 113111313 1111111131, 33031311313131311,1103153111131-
11311111 31111131 111 nem 1311 1331 sel nem 1333,5311111111313 113133351 11131311 313,
111311 bin-mi 33133 3331131111 33111313 0153331133, nem sog 10113131, 1111313 3
1311131333 1331 331311 011 1113131131131, 13311311 133333533111311311 31131 1311 5301-
33131011 133311113113333531 1131111331111.

Α3 1113131133 13131111313111011 31313335 3113511353 31311311 meg sog 1113111101·
3333313131,11031 3 13110133311 11311333 311111,1131·0311133 31113131353 133311, 3
paru-a 111- 1331 11133 1131313 31131135533311,11135 3113335011 11311131111313 k6z-
1311131311 33 1131313311311311 11313,111311311 33 311111 13111310333313 35 3 5311111
11313 1111311135313 53311533311311311,33111 1033311 1131 313113131.

xv1. CZIKK.

Az 05311311-11133131· monarchia 110133131, 11111 Uruguayban, 33 01113133133
1131311113313131311331311 5331131 33 addig mig 3333 1311331311 11313111133
3131333311, 11313113311111 131311111011015331333311 35 11113311, 3333 tulajdonuk

