1871 .· LIII. t. cz. Urbc‘m' viszonyok rmdezesdrdl. 487

Szintugy az 1819. 311 133331 1-13 313 1311331311 11111311523113113235311 35
1313113531311 5331 1311313311 1311113 11311135 313, 31311311 3 1111133135 1131313231311
313313113531(31 1311331311, 133)1 313133 32 111313 3313533311 3113113311311 3133-
3135111311311. ¹

625. L'rberi Γ31111111131111311 13111313311311 3233 13111311 is, melyek 3 volt job-
11331311 1132313 1819. 311 1311331 1-13 31311 1848. 311 131135 1-13 oly 13311311
131311311, hogy 311 32311 13111311131 32 31131 35 3 1311135311 1311323531131 11231111 35
5231331111311131131 13113511331 1311321311. 11113133, 113 3233 13111311 11353111) 32
31523335 11313133152311 1131333132353131 32 31131311131131 153131 111131311311311.

63. 5. Azon 13111311, 3 31311311 32 1819-20-11111 311 1155231135 3“311 3111311
,523133131331311 35 31523335 3113235 31311 311311311, 1131131 32 1819-20-11111 311
3552311351131 31113113311311311, 1331 32313 32 333131113111131 1131311 3133)1 31311
1131313111523111 113133313235 11311131 111131311311311 15, 3111311 13111135231331111311
13111313311311, 1131331313 11313231 31311 1331311311 15 32311 111113113531 32 311313111311-
1133 bejegyezve, 3 61. ξ. 3531311311 111131313131.

Α 1135213 13111311131 (sessiones desertae) 32 31311111 68-11111 52311352 rendelkezik.

64. g. Α mennyiben 3111311533 1331 1113131533 3213133 1862 311 113323311131
133313 ket-eset 113 113111 31131311, 32 ily 11313531 1311113 11133 nem 13111111313 35 3
11111311 3 1111131135 1111311133313 131111.

Az 1848. 3111311331 1-133 13132311 11111311 31311311 32 31133135 13332131 13131-
133233113, 5 3333113313 3 1112331335 131113 321 111311, 3 11131313111311133313
1111131135 1133131133 1111131311.

65. §- A szekelyffildi 3111311533311 1313131133 3 1131311132311 rendeltetnek:

1. (1111311 13131352313 1111131111311 1311131311ᾱό, 5 31523335 3133131135 1313131
11311321 3 523113111311133 3 11313251311 1846147. 311 111. 1. 32. 1. §41 31311133
31111113233 131311 35 sold, 3 111311 32 1819120-111 311 ((12113111-1313) 31523335 352-
5231135 311131313131 311323 35 52313313 31111131 11111311311311 13131131133, 13131
3111311 13131352313 11111311 3 31351 31131311 355231135113 11311113113 1311, 5 3 mely-
131 32 31113135 32313 1848. 3113 31523335 31131 11231111 5 3 1311135311 5231331133-
11131131 131135113ῃί 131132311.

Α2 ily 11111311 1113131533111111311 133)1 52311311 31311533 32113311 1311113 1333
33111 133131111313, 1133313 3 1311 31113135 313111313111311313 1311.

2. Μ11111311 311 11111311, 3 13311 32 1819120. 311 31523335 3111311 355231135113
1311313 1311, 31113111311335231311311 13131313233113 311ῃά331113, 3 3113 113 nem
bizonyn'ttatik, hogy 32 1819120. 311 1155231135 313 1848. julius 1-13 1331
13135331 113131, 1331 1113131135 113Ιί111131 11313533 11313132313, 1331 3113313 32
3111311311 131311 133311311135 33)*3211311353, 33)·’13131ῑ 13313335 1111135311, 23133,
113523311311 szeg6dn1enyi vagy 3135 1152133 3133331331 5231231135 31131 3111311
131313523131 31135213113.

Arra 113213, 11331 1313111311, 32 1819120. 311 31523335 3111311 3552311351133
1331311311131111111311 3111311131313523131 11353111) 3113521333 5 3131315331 1111-
1311113 1311, 3 1323311135 131113 321 111311, 3 111 3 1313133313331 32 31311311
1131313Ιί.

, 3. L'gyanezen 13313131331 kedvezmenye 1111311311 3233 1111131131113 15, 3
13311311 32 3111311 3133523313ιὸ 1311311)1 1131311132131131 131331311 311323 35 5231-
3313 3311131 11323111 1311311, 3 11113 nem igazoltatik‚ hogy azok 32 1819120. 311

 

(1) V. ὃ. 63. S.

