1871 : XXX VI. t. cz. Consulsdqi eyyezmeiny az Eyyffiillt-Allamokkal. 399

xlv, CZlKK.

Ha 131311101111 32012000 311313 101313313331 1331 313111310133311 131310033-
1102 1311020 11310 3 133311 101 33111313 11310101031 3203100,1331 1303103011111, 3
1101111011 1131033301 0203 030310311 32 111010 1011110111οη, 1331 113 011 31303, 3
11310301 32131101101102 10310201011111 1101010111οῃ 320101010003331, 003331, 31003-
331 1331 0033311 1131301 130011133313 1102330131.

Az 0321131-1333131 [13110103 11310101031 3203100011 1331 11103103011011
3111011131 113101 1310133313331 31033103103010 103311020 111331313101 32
313011131 1000333101, 00333101, 3100333101 1331 0033311 1131301011 31131 - 32
33ιο11131 33110103 11310101031 3203100011 1331 31031030111011 03211311-11133131
113101 1310313313331 111033103103010 1033111020 3133113131011 [10013 32 0321131-
3133131 1000333101, 00333101, 3100333101 1331 0033311 1131301101 31131 1033311
1020110131.

Α 1101111οΙ1 1131033301 11021101ορ10 31130101 0132331133 0331 3 00331113331
1131033301 1331033133313, 3 1030 103131133313. 3 310111031101 102103101100011, 3
33101030313031102 3031 1311020 3201301101 10331331 31030133313 03 3 1131031011
311113ἰὶ1- 03 110111010301 1010103οὅ 3231131101331 31031311333 1010111 011000310
10110 01.

Α 1000333101, 00333101, 3100333101 1331 0033311 1131301101, 1331 32 3113131
0 020113 11101011 1101111301011 1310110101103, 13133ιί31 3201 3103011021013 3 110111
1131033301 1010103011 3 11310101031101 3103111031011 3201301101 0113113313 03 131-
31311 103131133313 3201130303 minden 13102100031 13031οη31.

A 110111 1131033301331 111 0301011103 1310 1020010310011, 3013131 101110110103-
3011 31303 110110, 111010 3203 1011303011 3103101110301, 3101101101 3 111303103
03 3 1131031011 13131311 011311333 0102011, 131313131 3201131, 310110101 11330310
03011103 3203 0132331102 1311020 113101 13, 31011301 [1311133 3 1131010103 1011031,
. 1130131 1311023311.

Α 310331111οη 3 11310101031 3203100011 11310 303120113030 10130303 10133, 3
10103 0211111103 1031311 131021000301 3 112310133 110111 11310333 1110101033031
11010110 1311023311. -

A magas 32012000 10101 0203111111 130303102301 3111133, 110 3 1113031011
13131 03 3131, 11303311 3031 32331311 103133213313, 3203 013233 33, 31011301
33111313 3 1131010103 1011031, minden 1331 3101 mentek lesznek.

xV. CZIKK.

A 1000333101, 00333101, 3100333101 03 0033311 1131301011, 13133331 3 003-
3313331 3010300101, 1330201131011 03 3133 0033311 1132111301011 0311333 01323-
3311133 131303203 323113031133131, 0101030131, 3103103303011010110203011, 1301101
3 1033331001) 1001020311οη 1032031110 3031201 113303133311 1132111301011 1110111.

XVI. CZIKK.

Ha 32 03211311-3133131 monarchia 1313111011 31311131013 32 Ε3103ῡ11-Ᾱ113-
31011133 1331 32 Ε3103011-Ᾰ1133101 131331οΙ1 31311131013 32 03211311-3133131·
,310331011131133 0111311, 3 32 311313 1130102011 0101103011 1331 1031030010103011
1031011311όί 3031 1331010103011, 32 1110101103 1101111310333011 3203 311313331,
130111102 32 01113311131102011, 003331311 1331 consuli 0313011011 0203 0301-

