192 1870 .· XXXIV. t. cz. A Ferencz-csatorndrdl.

Α2011 95911193, 113 9 1113333135 3193 3913 1611333311 vagy 3 1131311631 1393-
11055231111113533311 1131359 9113313521313311, 133111 113 3 13931105523111111011 113131-
166 1919113191 9293 116191929115333911 9133 3913 131913311, 32 93396311· 6311331
9193)·352111 35 3 111210511311 3 1113135131 13131603313 1952.

Α 191911 111210511311 32 93396311953911 3203 3133)*1133 sog 115523520133113131,
3193311393 32 31131911 8.036,000 smnyi 655293 1911193 11913332131011.

6. §- llata're'd15k α munh-(ik [60'831'502'38'oe.

Az 9339631195 116191921 313331, 3 13331131131 9293 9339631192351 011313311
1131311113 13313161 52331113366 93)* 3ν 31311 31933926931, 35 32 9339631)’92911 111
313311313101131 3 Ρ919392-95310133 5 30223131102613311 31131919 33313161 523311-
13366 3331· 9931353133 1161961926 (iv 31311 1191919231.(”

11331911 1133923911 11311013, 13113311, vagy 193611111111313635.

Η3 3 11621332331351 νοη3113135 311131313131, 3 1193111131011 135219195 19119111193
916163191911 1’0331-1133)·3311 131102131353 52611533953911 131311313311, 9339631195
11619195 9293 1311021313501131 3 10331131351 1112011533 11313102313161 52331113366
4 1131 31311 1033331113 19331, 35 4 1163311 31311 3 11013133)·3311 herbenhagyzis
133911 [9119119521931.

Az 9339631)Ρ 9193135261, 113 3 1311313ῐί 3111311311 31931192635319 35 1191919ῑὸ-
·59’19 1111112611 3313116611 11193 3931 1311313311.

Α 1115313111351 103 32 1868 : LV. 1. oz.<2> 311913131193 32 93396311192911 953101-
3311 133ρί135319, 1313111131 32 320113311 6219131192 3519313113531102 31931111331316
Γ6161911119191119, 93396311953911 3193363311.

A 1111195131 3 53131 1111101133 131926 35 32 9339631192911 9531013311 1031113113
956 161691191, 32 93396311-166 1311313313 133193 933961 31; 113 32031133 9293
3193396911 1616911 313333050113311 11311193613193333911, 3 11311613911 9339631195
31131 1331133105 1131361135 3111113366.

8. ἓ. lle’clalc, 111311, (ἱζίάνόΙί Ιεῐρρίῑὸ59.

Α Ρ91·91192-953101333 96613 131926 1116311 35 3113161113 33219 9339631195
32011 1161919291153391. 13113113 3133313, 3191191191 3 kint-stin· 96613 19119511911.

Az 1111161 3111191166 9531013311 31131 1311195231111011 116219119635 1191)’193111135313
9339631195 133)ν 1033166131 5313111611533111163 3 11621332331351 1033113135 311131-
11131313193311311113366 1191191193 35 523131133 3113366 1331310236, minden
959119 113113111131 91131011 111631131 31111936, 35 119613 3113631311 1331·

01523305 11131103 4 61311
11625331 c< .. 3 c(
61116 <t ......... . ,,,,, . ................. , ..... Ξ (1 5231955331193.

Α2 3113366 1116311 119156 11252131919111 1333355333 16 131113 1131310213ῑὶ11 3193.

Α 1361611331 1121113192311 3113336611 fei, hogy azokon 3 1112311351 13136931101
35319131 191195593.

Α 1111131113 192916 191161163 1191131611) 32 9535 11113191331111113 131191311Πὲ1
33310111) 3931 191191.

Az 3113631131 11131103 3111193116 1116311 191191 3 m. k. 11623133113- 35 116219119-
6351 3111115191111311102, 3 1611111 1113111131 32 111913119516113311113165331102 1191)·1193-
1133135 133911 11911111131336611.

11) V. ὃ. 1⁸73: xvn. 1. cz. ὅ. ξ. 121191911193ῑ 18831111. 1. cz. (88 ξ.)

