1871 .· XX VI. t. cz. Kiadatcisi szerzddds Olaszorszciqqal. 307

Vl. CZIKK.

Azon 33311133, 113 3 1331011 138)1 3111311 3 133833 32312333 131311 egyik 3113-
11131102 33111 1311023311ς 3 111333313 131323111011 1101111331, -- 113 32311338333311
1313113 - 313132311133131 3203 3113111 110111133131 31133111 3131111, melyhez az
111313 38133 131102111; 3 113 32 31111331 3113311311 3113111 33131 13113313231131 31131
1331133 31113113133 138311, 3 111383 1332313 11113313 3 133101131 111333131, 3
111333313 131323111011 3113111 13132333131 11188, 3 1311101131 azon 1101133313311 33111
111, 1113113311 1311113133 3 11113133)1 31113131131311, 138)1 113318 333311, 1113111133 3
xmlssigtta‘5²33'th‹ZJItltLvagy 3111311 1113331333 3313113311 3 1113833 33312333 131311 3811113
31131,11333111 38113313138 11133, 138)1 131111 11133 3113111 3113113 ater-memma
113131113ῑὲ 111111133111311113311111111
ξέ8ξιειῗγο331111 111131311361ν 11313113 31, 33 113 3 111ῗ13311323 13111ξ3ζ1138238333111θ11ἳ1131ε1
1181333203 sulyuak: annak, melynek 131323111333 1101311111 11313111.

Vn. CZIKK.

Ha 3 11133313111311381311 3203 0132381133, 11013 1333311311, 1313111311 118133-
011 31113131311 11331311, 138)1 131338 1111311 133 31311 311, 138)1 31 133 113113 ;
333311 1113331333 311131332111313, 11118 3133333833 113131 31131 fel nem 3133131311,
11381 3331313331 ki nem 3110113.

vul. CZIKK.

A 1113333 3 jelen 3231231133 31311133 3111101 13 131133113333, 113 333311 1011133
3 1331011 3 111383332313311311 1133131133 311311311 11313133311338313311 13113311333-
1133 831011313311; 3231111311 mind 3 31311311 323113333831133 311 108311131 32 111313-
1133 11113338011 31311 3113313311331.

lx. CZIKK.

A 1113333 3 133833 32312333 131311 38111133311 3 31331111102 3111103131131 11103
13132311 131323111333 1011133 33 32 3113313321313 11331331 113131, 138)1 1131113-
108331 1131310231, 1381 3110831331 1333313 111131 1338338133, 1381 32231 3813313
,10831313 111131 13132113333 313133131333 31311133 108 313813113331ς 32 01111311133
3 1311 1318131 11311323 111131313333 333131111133)1 1111333383 33 soka, 131313131 32
3 1111311 31113131323333 1111313133 13 11131313131133.

Α2 0111131011 138)1 31333111133 138)1 3 11133331 11313 0132383311 13131331)1 131·-
1331323113 138)1 381311 1113131133 113133383 1111313311333131 31131011 133301311133

&lllltiggilggjil‘n‘llbg ezzel, ha 13113133833, 3 111333333 3813113311 323313111311333,
ζὲῗέθῃὴέὄῗώγ 1333, 32 320303338 31383113ρί133313 32018313 333101113 11138-

X. CZIKK.

Siirg6s 33313111133 3 1131333333,113111383231133 3131103 8133313101081333, -
3 1113833 32312333 131311 131333811113 13113, 331 13111311 31011 13 111133113113 33

91)*

