160

25. ἓ. Α 1131131011131135 1101150301 33 01111051
31311001 100030110011, 05 1010113111113 33 031011
53301333503 101 0001 1011οι011, 1013 33 055305
0011110305οΚ 3 110111130131131101011135331131130,
3 1010111353313111031301100111 31311130 001010301-
10110011 01 0010 1510011010011.

Az 01111051 31311 10111010 33 113101 01030111353-
101 3 10101νί353313113 10110110 1001311301 31311
1015330111011 1131131001311351 11011503οΚ 33 1131011
533103113503 0101330530 101101101011, 1010113300·
31131 0531115 011 31301030, 111011 3 113113 1011010·
10500 11053 3113001030 1010100011 010310101. Ezen
31301 3 1010111353310 013011533 31131 311301130110
meg, 5 3 110110301003 0011000033135 103011
1011011053100110 1053.

Α 10101113533131 33001131 10330310511131111,
01100111 33 0030301105 13150131 1101000031.

26. ἓ. Α3 3113111 31131 0111311311 0131051135 1011·
130 0501103 1130100110 [1011011 33 011103011133 133-
30110115331031135011 0103010ῑό 1135331313 0130
33011 0001011353ιῶ 533101130110 11310111 11013 103
10110113 1010101.

A 111005131- 011011330031131 3 101311 10531001·
05 1101100153011001011 0013035313, 310101101οι1
010533101135 31311130 1101105011 10033113011011
5311115031οῑ 3130130110 33 0νί 533103035011 31311·
130 1010300110 105331011013501131 1001311130, 010-
10305 1053101113010501101 15 100011, 113 33 01130-
11οΙ1οε 13150131 3 1013131 01011 1131 1101101 33 11301
101130101101 103.

113 33 0310101 10101113131, 1031105000οη 11310111
110 31311 1011011053100110 011 5331031135 10310305
01033113011353 0130 111ᾱο111100, 11031 33 0101030·
305011 110110100οΙ 01333530013 5330311311, 33 00·
30001105 13150131 3 1111011 1000101οῑ 6⁰lo-os
113013131131 031011 3300031 115533101110111 lar-
103111.

Az 311310 10530101 1011051100ᾱὸ 1101135 113011
13001 3300030 33 0310101101011131315331011011
1031010011 031 011 31311 1310353130110, 0110011030
0501000 0100105310.

 

 

· r 1

1870 .· XXVIII. t. cz. A nyirethciz·u·nyvdri vas-ut kibptteserd‘l.

28. ξ. A 1101103111 3300 311301010011011 meg-
01353 1011101010001, 01011011 3 0131051135 0113113·
1353001 11010111030011, 1031151113 130 0133110311
031 3 113113 01111050, 1313111101 33 1131010301-
5301300 05 5311311130 0531103011 101530101050 05
10111000510 1131030 1311353 11301 01101100 1053-
000 10033103011051 53010301, 05 100311331οἰ,
11031 3 10013111030 01301011 110101135530311.

Α 001103010311 1033 van 3 10530101 1110010011
110303 31131 33 1131111011 0103113533101.

Α 1101011101 31131 1110010011 0131050311 1033030
311 33 13333310131353110301 01050000, 131301101
3 1103310105011011, 3 0111101· 331 100311 1313113,
10531 10001, 0010001000οη 33 311301 0100110110
00130 1131130105 1010311000501101 10110330531001,
05 01101 3 01101510110010311 1013001 0113135
1103011 101001051 10001.

Α 110110301 30011051101101 103, 1103133 1131·-
11101 101113101010 3331135331 101110101000 011 010·
1100 3131101011355011, 11031 33 0111 5330131135
01010110531050001 1001153011οῑ 0531115 3 53310·
10101011 101011135331313 53011503011055011.

A 1101103010311 33 311313005 1011001011 11313·
1033131 05 1101000500 3 101011 00301101101101301
0110000000 1001311011 1010103101011 1033 31311111·-
1313131, 031 33 0011110305111101311310, 1313011111
33 0030110110301110031 1053000 133103053000
1000110 01030111353 0130 33 31131013 0011030110
11011503οΙ1 05 1113035011 0103101110501010000 33
0030001105 13150131 33 311301111005131· 131313
01300105 011 313130105530301 11301.

Ε300 (evi 3131301055303 0100011503οῑ 3 1101·
10301 1131310333 meg.

Az 113101 01030111353 0130 1130100110 011
3131301055303011 3 10030111011 1003113 00310
33 031011 53310303503 1011011οῑ011. Az 03101 0103-
0111353 01011 1130100110 3131301055303011 33 &pi-
1051 101101 1011101111.

11010105 1013003 33 0030001105 13150131 3
1101013010311 3 1111103111331·0031·311 10031 010·
1000113131310311 1031103111010 1011130 1011001011

27. ἓ. Az 055303, 1001101 33 311310 33 31131- 1113035311 1003101110οἰ, 5 3300 05530301 3 01310·
1311 0131051135 1011130 11301, 03101101 01101031 511011 1010101010 003110 100303131030111131311110
0101111101 0031 5333310111131 1130131030 010103131311 3 m. kir. vasuti 011110530ιί 13333310533
110301οη110. , 0003131303 00530133113101.

113 3 [13113 115313 1010301010 3 01310511011011 29. ξ. A 10100103 00301101103011135113113101
05530301 01030313013, 33 11101010105103 1010 10530 3300 0310101011000, 3 01011011000 33 3 0131051-
3 10110511011 010103011 05 1131031011 1010135313, 1011115313101011010101 01 nem 011, 110νο100305·

030110οΙ1 101105 1011053105013 33000313 1101101101- ¹
0311 31130110 31.

Α3 0101011011 101311 113013131 111031001110500011
013330311 33 0101030011 115533030105011003 11011
0103010.

Az 3113010311 011311 010103011 1331 1131031011
113011 1101-01010501, 10011011 33 003011οΙ1 11103-
53001013 1003 115533 0010 101111011011, 3 13113131
010313113111011 1331003001 10530011 1110310011·
1001101111)

(1) V. 0. 1888: xvu. 1. 03. 3. ξ.

110ρο11 3 113103101310511351 1300100 10531, 50
110105οι1, 50 1010001101, 50 0135, 110500000 03011
11011011 00130 0000330110 3110 1130110101 0001 103.
A mid6n 33011030 33 311310503οΙ1 1003530010,
3 101011οΙ011 3110 33 03101533101303 be 103 vetet·
10101.

A 10531001011 05 0150005031 0011001011 5301·
1011101 33 03053 1350110031 10133100103 101010
03013101 10 01113 3110·, 001103· 05111010111000·
105011.

