482 1871 .· LIII. t. cz. Urberi viszonyok rendeze's6r6l.

hogy 3 1011 16Ιά3531131 11636533 1135311311 3311351311161 3 11011 3111313531 533-
31313, 33011 31111151 113530311313133311 1335131316 1353 35)· 35353 11011 11111311
jobbzigyi, vag3 n3olcz 1011 3111311 3531131131311 11133 1131 110111331 33111 11153111),
3) 0133 holda-511 3331 335) obb 31333) 15351133 11331613505 131311103311135111355311
ki, 1135) 1131115 3 1131)311, 3 131311 k6lcs6n6s 1131335) 33353 31311133, 115)3333011

- 1131311133 3135 35)·3331131111 16111311 3113553331.

Az illetn16ny 1153333533313 11011 3111313131 31131 3111115 13113511311 11153011-
530153113135011 3113113 533311135113 1333116. ‘¹’

35. 5. A 3131) 11313101111311 [131115 3 33111351 1135303113( 31 1331133353 3131 1335-
1611331, 35 3 3311353311 egy bizonyos 13531· 3 163535313311 1135) 35)35 11011
31113135313311 31131 111313133)1’111 13131133, 31131· 3 6131111316 111113111ῒ111131133
131111 1113316 33533313131113 31335311131311, 33 131135 1313)(1031111113 131111 35 3
13113 1311116 3116335011 313513113311611.(2)

36. 5. 113 3 3311353311, 3 3131)·133 3 1011 3111313531 3311135111353031131311
5)·31101011311,1115331·311353 31131 13131353311, 31131 313513153535 3103 3131 3 jelen
1611133) 313111313ρ13 31611 113161131133311, 3 33111351335303131315313135),111131
3 115363530153113135011 16135636533 3133)· 35331 3111 311 1311313311611 5 3 1153313111
331135131 311311 3 34-111, 311311 [131115 3 35-ik 5-0k 3531311133 3 11011 1611135111·
1313111033 11131311. (5)

37. 5. A 115303530153113135011 31351311353 3 35. 5. 3531311133, 3 jelen 16rv6ny
89—95-ik 5—aiban soglalt 5331131)·011 5331131 35316361131111.(5)

Vll. FEJEZET.
Leqelff- -elkilldniwa (⁴)

38. 5. A 1353113135 3 11011 101111351011 13131110331 11311336 elk616n6z6tt 161113-
1133, 3 jelen t6rv6ny 3. 5-a 311313131133 33 35)11011 1111113511131131 16bb6 3331
111311, 11153031 3 volt ]03335)01 5313 135311313313311 3 11011 16111351113311 31111116-
1163611 1111111313.

Lg33n6z 311 k6lcs6n6sen 33 31116, 331135- 35 135316135331113 15, 3 melyek
33 elkiil6nz6s 101)1311 35)111 1135) 3135111 1313311 111313133)1“11 1111011311. (5)

39. 5. Α 13531631111163335 33 1836: 31. 1. 33. 3-11111 ,ξ’-33311 33131033131
5331131 1611311111, 01) 11135135) 335531 33031133, hogy az 11111311 135316-111313133)-
11311 011 335 )1 1101111133 313511Ι3ρ11011 13511531111 13311313 35311 3303 35311133
53311113316 13,113 33 33 111316 1101116111351113311 3513333011 113131113Ιί 135316-111316-
53531161, 3113311 3135131335353 1111311,111 33111 11313133.

Α jelen 16rv6ny 22-11111 5-311311 31131311 k6zs6gekben 3 legel6-illetm6ny
1153311353 3 28-11111 5 v6gbekezd6s6ben 33 31116- -111313133) 1133511353 11331
313 53113ρ11011 3161103 353163133116.

40. 5. A 1101 3 5)3)1135316 11133)3 1135)· 3135131335353 3113113 volt jobbiigyok
313531131351 33 111-35351 31116133 15 5)31101·011311, 3 135316-1113131311) 33 311131
135 3161161 15 1131133116 1135) [161133116113 3111611161 1133511011 1353161353 3 volt
31113135 5311 31116-111313133)3161 1111163 ]’316133116 111,113 3 35111133 135316111 111131611

11111 ὃ.36.,ῖ3. §g
1211 3.311.,3τ., 3 §5
1311 3133.

1411 3153311

. ;’.1.1·3.3..ξ; 1155115Η11111ο3214 18111111333518.)3313133.ἑ31113)·ρ31
4., 16. 55 1..11111»1148.,311.,53.,771- 9. 55⁸. .1ω 1311113181· ¹: 111. 333135 14. 55.
15) 11.ὂ. ῖ9.3588. ξξ.11’ὃ. 3135 18118;.11.1’1111.1. (3.39. 5.

