220

3033311335331101, 33 3113133311, 3 1011331113ίό-
5333311, 11035333113311 1331 33)·353113311 1031313-
331 35 111313113133111 01103011, —- 113 3 1131 533-
1131153313 10301105131131 31331113310 3331 volt,
teljes 11311311135531 1111103111.

Α 113111313531311 3 1011331’133351 1330131135
5331131 1113131135 11110533 33135110131133 131-
1033311.

1103011 113113113ᾱό1, 3 10113313310533 1313-
13311111 1013110311 13133313 131313, 1100 10113113
3313111310 333331153313 113313113111313311, 5 3
1131110115333111133 31133135313131111011.

71. g. 113 3 1153111153Ιό 1113131135 1333333135-
1101 5 3 1333333135 5331131 1311 31, 3 1131131331-
1351 11313531311 13131113 33011 31133 13133330011, 3
kik 3 101133113133 353131113311 311330311311.

A 1113011533 3303 133131, 11111 3101133113133

1870 .· XLII. t. cz. A kdztdeve'nyhatdsdqok rendezdsdrdl.

fegyelmi 1313531133313 131135111, 1113111133 1131
13301 3 1103313135 11313531 1111105 53313331131, 131
13301 1131113 3 10151133 331133 ki 3 1113011533
133131 1103111, 3130110111 113135313133)1 13333 113-
13531, 1333 3331 3313335 353131133 1131113 3 1015-
1133 33133 111.(2)

80. ξ. Α 1113533131 3133133313 3 1103313135
313113 13ἠ35313330, 31311· 3 115311 1131353 11133-
3311331353 3133, 3 115311 11313531 133313311353, ⁴
ν33γ(ἳ1ἔ)113ἐ11)1331353 101011 5301033533331 11313-
103. . .

113 31 3331 13303133 3 1103313135 3 115311 113-
1353131, 3 331331131315131, 3101511311 (101111311-
ἓίιῐῖὓι 51115) 1311011011 1011311353135313 31133-
3 311. 2

81. ξ. Τ15311115310 011133 35313111331311, 313-
lyet 3 1011133)1 1311 110131355333113, 131313113 3313

11313103311103 131311311, 3 113105311 1133131133 110311310, 53 311333 115311 1313531313313 133-

331313311333533 1313105311, 331313511031 33031133
3 1131131113513 331331033 110131331311.
75. ξ. 113 3 1111105311, 33 3131313531311 11531-

 

(13111310.

82. ξ. Α 115311 11313531 13131131011133111310-
533 5331111311313 1113131135 3150 1011313033511

115310 133103131335333 131311 111313311351 3313 111131111101133153311 1131.
3131113133, 113311 3331 13113133 111113111331, 1103111 Α 1011133153311, 113 31331105 3 1113533131, 31133-
3 531313135 33131033113 kik szavaztak: 31(1311131133331111133353113531.

11311 1153113135311 103 133313130353 13311311, 3
1011133111310533 1133311113 131111 3133. A 1103113331
1133310 1153111531011 31131 011030111131133031133

33311 3133 3150 5011133 33011 1311033311 1153131, 3

11111 3 113331133313513 10111331 533113113111313131
1311031311, 113 11013135533111131 113311 31133 3313,
1331 3313 53311311 5331131 13113511311311.

76. ξ. Α 31131310511011351101 101101313105533
131311311ᾱί3 131-1, 1313 3 115311115310 3 1011331113-
10533 31131 101 3313 1333131311. Ε 1311333135 35311

3 10113313310533 3313133111 11331 1333311011

131310553331 53331311 meg, 33 01103011 1131311 3
3133331031, 5 3 1111305 35313111331311311 3 11113-
1310 101113313111133 13333313103011 1313105533
3113131133 1331311.

 

 

Α [33131131 1313531313311 3 10113315331 1333-
1133113531 13113511331 1101313512)

83. ξ. Α 113111353311 131311 115311115310 35 111113-
1313011 (1013313513, 500 10113113 1311311113ῑό 1111-
53313, 5 113 1101313553331 1513313113 35 1311113033
313331330113, 1331· 011· 31311111 133303353301
1333511011 31131353333, 110311 3113131333 31313-
11353 3 1103133333135 3111311311 113533113313133ῑ
11111313111353135531 15 11031311311131111.(2)

84. ἓ. Μ11101 1131111 11330553 3 115311115310 35
311131313011 1111313105 1101313553333311 3111331330-
1353, 113311 33 33331 1310 1155333135 31131, 3 1133-
1310 10111331 1131310333 3133.(2)

80. ξ. 81131331311 1011133 3 1113533131 3 1111313ῑό

ξ 3113135 5331131131 533331 353110301131111.
77. ξ. 113 3 11531115310, 3 533311- 35 knew—¹

113 3 1103313135, 1133)1 10151133 (101113113110

53331311331 1131331311111 13313 313353111, 113311 5111.) 31131 3113311311 1135331311101331111111311111,

1133133111 1311351ῑί 3 10111331· 11331· 5333311133- 11031 3 13310130 1311 3313 115311 1131353131133
113131 31131 133353311011 1101313553331, 113 13113 1333101013310 13153331, 113 1133113111 11103 11133-
3313 103131 1333111133 3 11331310 1011331311 311311 10113300 1111313311 1131133ε 3 111353313ῑί 1111101131
1111011 353131113311ε 115311 113135313311 vnn: 33 31151133 3 1103113111 11313531 313313311353
11311311) (2) 1133311, 3 110311311101103 13531 ww

78. g. A 115311 1131353131 1113533131 31031 1333, 80. ξ. 81131310 1113533131 353131133 3 11531111-
melyet 3 115311153101113 33313 3 1103310135, 113311 53101 35 3113131301101 13131113 131 11311 11133353-
10151133, 3 533311- 35 1133310-5331331133113 33313 1331 3113131310112)
33 31151133, 111310133 11013311335131 1331131 31. ι 87. ξ. A 1111313ῑό 3113135 10111311 1103011 11313-

A 113533131 311333313531131 3311113111133 31 13133 311310101133153311 33 31153333311, 111310-
115311115310 131 15 13333531311131111 111131313101. (53. 133 110133113351313311 31131113 3133113101, 3 111 331
35 58. ξξ.)(2) (3) 3 133110331311111 1103310135 313 131135311.(2)

79. ξ. A 113533131013 1011133111310533 31133110

 

(Ἰ) Υ. 60. ξ.

12) Ε ο-ἰ 1113 11013111133 1131311011 1111111 113113313; 1876; ΥΠ. 1. cz. (1. ξ.)
(31 V. ’0. 1 Ἠῑ xxxm. 1. 33. 112. g.

