306 1871 :XX VI. t. cz. Kiadatdsi szerzffdds Olaszorszaqqal.

9. Hamis 13335110635, 5231161161 1131315 16161, 1333113311 65 523116η6113611
hamis 1131101113513 11316 6531111353, 13531133235.

10. Α 1635611 1161651166611111 11316 113111133γ3 110113331053, 116261616 113511
116533115656 31131 3 11316 vagy az 3203 161626 311111 16111316161163 61116ν61611

ss 6356 .

11. Ζέ3611165 13133161)1 113163, 113 3 11316 5263161126161162 1311026 65163611
6561161 111351 616523111131 3 113161 11313113311113 116111111, 1351 321 1635611 13111611-
3311 313 ’311.

12. 1411121111131313011011 vagy 11116165 52613611611 31131 611161161611 511111352135.

13. Hamis 11111135 vagy abban vald 165265565.

14. 13531311 65 1311116311 5233661105 1365103531353.

15. Β12310131331 11316 1155236165, 10513133 61531311135, 653135.

Α 15. 11031 31311 6111111611 161116311526565611 65 3 1311116311 5233661105 11165-
103531353 656161163 3 161165611 3111101· 15 11136313311 32 01352 λοι-1113313311, 113 3
65616111363 01352 1611631611 52611111 36111 1161162 ugyan 11113161161, 3201111311 3
111231013ωᾶ 11316 11155236165, 113511 3 10513133 61531311135, 1135)1 653135 31131 0110-
2011 1131· 1000 01352 1113331 36111 6561161161111.

111. CZIKK.

Ρο11111131 0631611611 113511 1161565611 1111311 11136353311 5631131 65611163 51365
helye. Oly egyent, 3 ki 3 1111316ῑὸ 1611631611 651611 13655265656611 3631011 ki,
5613131 65611163 56111 5231136 3 1113631351 1116561626 1661163 61116ν61611 1131136111
110Ιί111131 111131611611 1135)1 1161565611, 1135)1 ilyenben 11316 165265565611 bit-6 616
31111331, vagy 61116131.

Nem 5231136 1011311113 ily 6511631 3 1113631353 61611 611161161611, 5 3 16163 5261·-
2666511611 sel 116111 6111111611 651611 1611631526565611 56111 1112553131 313 110331.
113511 1365116316131. Κ111616, 113 32011 0631611611, 11161)1 1111311 1113631011, 111131616-
561 1113111133, vagy 32 3161 1613163161ν63, 62111311 1131013 11611311 31311 32 01523501
61 116111 1135113, 113511 11656111) 063 151361 1115523161.

Ν. ΟΖΙΚΚ.

Α 11136353311 3631 1652 helye, ha 3 111131616366 65616113163)1 611161616563611,
113511 32 erre vonatkozd 1111311361 61131353311, vagy 116161110231313311 16616161
5231311113, 32011 015235 1111163161 5161131, 1116111116 3 11361011 13511 32 6111611 136-
3611611, - 32 616111Ιὲ5 1161161611162611.

V. CZIKK.

A magas 52612666 161611 3201111311 56111131 656116 65 56131111 011331 10513 116111
1161616216111613611 53131 313111316111 1113635313.

Η3 11313111 53131 1132313 1611163161 31311133 01)1 0631616366 65616113163)’ 1111311
1101131111 ν12553131 313, 3161161 3 11135111 311313 1611116163 1111161611 el: 62 656111611
62 31611111 31131113311 1101313313 11616165, 3 111131616366 65616113163116 10331-
11026 61165116561161, 011113101131, 116316161161, (eorpus 6611611) 1111331131 311363203
16111113505113501131 11626131, 31611611 3 11113163γί16 112553131 11616521111111161616
5261156565611.

