454 1871 .· XLVIII. t. cz. Ke'resk. 33 ὴᾳῘόκάεἱ szerz. 113 Arqentina kezmrs.

Az 111313 11111313113331 33313313 3131· 131333 1313311133331 helyek 11333113131313,
1131331131 1111Ιὸ3 1313311133331 11311311 11313333333313, 133131133313 33 113333313-
1313 33313 3333331111 33313333 1313311 3 1333111 131313131133 131ῐό311333
3131113131 1131333333 333333333331 33 133331 1333311 111131 33 1131333333 3113-
13311133 1333333131. 31131 3 133333131111 1133133331133 1333331113 3331331 33133131.

xxn. CZIKK.

Mindegyik 33313333 131 1131331313 11133111 13111131313 mentek lesznek minden
szemelyes 333133131131 ugy 3 113333133 33 11331133331333311133, 311313 3331331-
31333 vagy 3331133331, 331311131- mentek 3131333311 minden kenyszer-kiilcsssn,
kenyszerszolgziltatils vagy 1131311333111 11313331 333133131131. 33 3331311333113
3313 1333311 1131311 3313 31311 3133 vagy 3133333111) 133333 3331131111, 333133113-
1333113311 vagy egyeb 131113113311 31313113131, 31131. 3 1113111311 13331 vagy 3 13113-
ben 3 33313311131131131 erik.

A 33313333 131311 [131331313311 3331 113131, sem 11133 13ν31 331111311131311 11133,
31131 111131 11313133 31331113 331· 313; 3313111311 3331 113313331111131311, hogy
113131111131 3331113333133331131, 3131111131 1331· 1131331133311111 331111131111131 1313-
mely 11313331 131131311133 31131 311331-3111131, 31131 1131131333111 11333133111131
133311133133311, 11111313, 113 1331 31313 3133311133311 1131333331 nyernek 3113.

xxm. CZlKK.

A magas 33313333 131311, 3 [1313313111 113311 1131331133313313311 1133131111 111313-
311333 vegeti, megegyeztek 3111133, 11331 113 3 1111311111 13333113 11313133333
1133331· -- 131131 13133 31331333 —— 11313ιί1131· 3331333331133111 meg 133)Γ 131113
333113333, 33111133 331331313311, 3 3331131, 1131133 3 parton vagy 33 313333 1131-
33131133 13113311, 113111311111331 33)ν evi 133 333331333311, 113311131311131 133-
33311333311 33 1313111 131311 1313311331133333311ῑ 3333131111 3331133 1113331 133
3311111 3111113131, 1133)1 13133331111 33311311 111113131133 33311333333311 1131313, vagy
333113333 1313331311 3331331 11133 1133)*11333311 31 33 111313 31131111311113131.

Μ13333333113Ι 333113333311111133 311333 3 33313333 1313113311 3313133 111113-
11311133 33 1313131313 31331313333311 331331313311, 1133)Γ 11313311333131ῠ1131 33
1113131131 131113333111133 33111111 33311333331111 33 13131333311 131133 311333131133
13111313333311 3113333313, 3113 113113333 11133Ιί11 313311113133 3 1311331311 31133
nem vetenek; 1131131333111 1333 vagy 13331133 13113111 113313, 133133311 33311
31131· 331311111131111111133, 31131· 3133 3333131113 11331· 33 31133113 1113113. 331 313
13113131 vagy 1333 333333311- 33 131113111131 1113113131 33111 1333311, mint 3 melyek
3 113113131311 11113133331133 1311333 11333313 131311 33 133333331113 1311313311.

Η333313 33311133 31333333313311311 113311 33333331 11311313133311, 113331311311
es 1313111311 133311331311 3331 1333311 3313 331 313 13113131, 3313 11333313113131.

XXIV. CZIKK.

A 133331333 3311111311 1131313331313311 1113333311333111 31111311 33133111 11133 3 1131
313333 33313333 131, 11331* minden 3 11313333- 11331Γ 11313311333133113 ν333111333
113313313331, 1111311333 vagy 3133133333, 1331131 egyikiik valamely 11313133111
311331 [131331313311 1331 1113333311 veina, 133)Υ 13131133 31333333, 11333313
3331313133 33 113111113331311 11331 3 3133111 131 313111313113 13 11113113331333311 33

