1870: XXVIII. t. cz. A nyireyyhciz-unqvciri vasut Ιῑίρρίιρερνόῑ.

anai keszitendo s a hormanynoz zitvizsgzilzis 351

155

ὅ. ξ. A 1333113131011 111111313331 33 3333110113-

1013333135133311131131135313300 1353131115 131·- 5311 31131 110131113ῑό 3113133115 13305333311011

13331311 3133133 103 3531103ὃ113131.

,11130330331131 ugy 3 11011113313311, 31131 az¹
engedfflyes 131531313311 533330533311333 311330
33 311313305 13113331133313110313135311313513133 ι
30331.

11331133 131111 33 33113333533111111030533 3 1101-
111333 3113333331, 3331113103333 3 13333110 aihu-¹
13305 (epithema-si 35 13110011 5333313011 53311311
11311 3113131. Ι

Α 1101111331 1311131113 1113333311, 3031 33 «ipim
1351 tei-ven 1311031313501131 13335533, 3 nummi-i
333 11133311 3 1311533111 1135311131, vagy 3 jelen!
engedfflyokmziny 2. g-ziban 31131311 1313 513111
13303131 6. ξ. 3313103313 5331131 1313333110 1103-1
1333331351 1033113135 3130133313, 1331 33 31111351
13113133 31311 13113511311 33135 113533131011 nyo-
3133 3 113113530133131, 1313131111 3 3031013310311
3103113301 35 3 113113 13333113533311 3131051135313, 2
3313113103333 3 1111133135 1131310313331011 tene-i
511353 53331303113301 5333533353113311 1033311
1313113131, 33311 31131 3303333 3 11131 33313531 uzi
35311ὃ31011310113533131, 1113513531 3 1103133333-Γ
1351 1033113135 1011133 31333313103011 milyas-¹

 

13533311 11013133ᾱό11 :

3) Αῖέρὶεηιὲηῃ.

Α 31331313131113111311351 1153031 133133 113),
11113133)1 311 3 533301133333 (1 : 150). A kama-
1003501111311 3 3)·111 1131133 nen] szabad 400 313-
131331 1115333 1313131310131 31131011.

A [13113 5333313533111 (30111131)11313531533113-
1113113 33313 3 331333503331 35 1011353131έεὶ 3
131333101103 35 33011 11031 3303 5333311011 35
533313331313011 11013133ᾱὸ11, 31311311 33 311331-
1101153333 1031133133 1311 il-odrendii vonaiaknzii
(3115110133-11331313)133331133111311311, 5 331333-
lesen melyek 53311313 113113 3010335331355333
011, 3013 513311 3 1313133 1333533311, 3313335
10331311333 3·-1 13313113, 113313131310113311 :324
31313113 3313103131011.

Ε333 5333133313130111131 3133331330133 11311 3
110133533131 3103131331 5 333311 3303 100333,
3111103 3 [131131331311351 11011533333311 33 1131311
53313303533 [01131313 1133ᾱό11111, 3 13131311 33-
100353131 3 1131353153311333- 53331331011333

nyom 35 11311330553-5331133)1 1111103351 3313 133311313103011 133113111131 11311311313,33331111111

szenvedhetnek.

Ha az 331135 111111313331 3330313003511331·
1131311 13313131301 31131· 3 3311310331, 3331· 3
13531311311311 3133131103131353 11113331053311133)·’ Ι
5333533353311 13313111033311, 13131131 3313333311
sem 3 3311313113331 1033313331( 1311031151 5333-
131131, sem 3303 35313311 33110131113331 3313
5331130, hogy 53331333 33 3110330011 10331131 3
1311- 35 irzinyviszonyok 1131113301133333311113 131-
133311, iiy 13110313135011 313333330353 3 ker-1
13331101 1353 3111313300.

4. ξ. Α 113113 313311313313 331 13333113 ehi-i
1111113310 5 33333 11311351 3 13111131 315313111353
33331013 annyi 1311033113 530111303331111, 3
31331111 3313101113 51331303 35 3 3113103303,
3311111ὤὸ3333 33 3110133501113 133331133131111.
Α 3133311333 3303333 —- 131113131131 3 1010131
- 3 ministerium 3331533133311 11313301 3 1010-
1311113131 11131 most ke'nvaeigzinyu vasutra 1115313-
111331, 33 3333031135 13153131 3113 1333331051
35 1111103 313331133113300 1131301135 13311311110-
13133131111.

31133131 3331113 301311311311 3 101331013, hogy
3115313 1013031331 3 33113335 113131110113 8010
10130311333311 313313131 35 33 3333031135311 1313-
den, 3 11313313131051135 31311133 33 3113111101 313111
3101333331 35 33311 1131113131110113531311311ε 11013-
135311 33 33331131135311 - 3 3133311333 3 1101·-
1113ῃγ 331 11113333 - 3 1113500111 1333311 1313-

 

1

1333 33 31111351 3133 1313313 [1311311131110103311131
13331333 300 3033131313ςί 11311351333311533,
31131 131131331101335 3311333300 31.

Α13131111133311 3333)’3335313 1313311113 115313
11031011, 1313311113 3013011 35 1131135 113131133
33533313310. 31130330331131 33 333311311353113311.
5333305333111133 {issand 33 33353 1313311133311
3011101133 131113131, 35 35311 33)· 1·οἹ 1331311111
115313 11311351301313331 335333131.

Α 133331131331311 33353 3 133131· 31113513, 3
1333311333 3 113113 1333355333 331 3133333301,
301103330011 1331 1101311331 33131133ᾱό3, 5 igy
3335333 3033133301 1331101 1113331311 13313301
31111330011 310. ⁷

A menn>·iben 113013 3 [13113 3 13313 1131Ιό 133-
3355333313331 31133, 33 35311133 3 1333311133·
31311331 33353 331031 133131 31113513, 13331333 3
3100531011011 11353333ᾱό11 3033133301 vagy 101
1113331311 13313301, 3131133 3 13150 5331113331, 3
3313311311, 131313131 3 33131135 13301 15 31031111-
331011.

A 10311, 13131 3 133131· 1111135531 3110 13113311-
13331311 3335333 13301 31031111331011.

3) F elcpitme'ny.

A 131331113331 35 minden 313311353313311 310-
31111353 35 3 ibidmfianyagok 5331111353 1101111,
1131313131 3 513313113311 33 31101335011331 3113303-

033 1131131331135 33111111 3103311331. A 1013310111 1 335313 33313 3303 5333311011 35 533313311313011

3013113013131 minden 11135 3531333 15 3113333113
3 1101111331 3 1113500111 133331 310311113531, 35311

 

30311 3111101· 3 135313135 331310313331011 33 enge·
ffi‘yssskekkel 33)·313110133 13533311 3133311331-

1101313311011, 13311311 33 311313 1101153333 1033-
33133 1311 11-00133011 1033131113 33313 (3115-
110133-Β331313) 313331133111311311, 35 3 nien-ek
5331131 3 5133113311 331 1113131 305533533333
47⁸2 13311031 53111131 11311 31131011. A 111ῑὸ103331

